0 0
1 1
2 0
3 1
4 0
5 2
6 0
7 1
8 1
9 3
10 2
11 2
12 2
13 1
14 1
15 3
16 0
17 2
18 0
19 1
20 0
21 1
22 0
23 2
24 2
25 4
26 1
27 3
28 2
29 3
30 2
31 1
32 0
33 4
34 0
35 2
36 0
37 3
38 0
39 3
40 2
41 1
42 1
43 1
44 3
45 2
46 2
47 1
48 0
49 3
50 0
51 2
52 0
53 1
54 0
55 3
56 2
57 3
58 1
59 1
60 1
61 5
62 2
63 2
64 0
65 4
66 0
67 2
68 0
69 5
70 0
71 1
72 1
73 4
74 2
75 3
76 1
77 3
78 1
79 2
80 0
81 5
82 0
83 1
84 0
85 2
86 0
87 3
88 1
89 3
90 1
91 2
92 2
93 1
94 1
95 1
96 0
97 2
98 0
99 3
100 0
101 5
102 0
103 2
104 2
105 4
106 1
107 1
108 1
109 5
110 2
111 3
112 0
113 4
114 0
115 2
116 0
117 3
118 0
119 1
120 1
121 5
122 2
123 3
124 1
125 2
126 1
127 2
128 0
129 5
130 0
131 1
132 0
133 6
134 0
135 3
136 1
137 7
138 1
139 2
140 2
141 5
142 1
143 1
144 0
145 3
146 0
147 3
148 0
149 5
150 0
151 2
152 2
153 4
154 1
155 1
156 1
157 2
158 2
159 3
160 0
161 4
162 0
163 2
164 0
165 6
166 0
167 1
168 1
169 2
170 2
171 3
172 1
173 6
174 1
175 2
176 0
177 7
178 0
179 1
180 0
181 4
182 0
183 3
184 1
185 3
186 1
187 2
188 2
189 5
190 1
191 1
192 0
193 4
194 0
195 3
196 0
197 3
198 0
199 2
200 2
201 4
202 1
203 1
204 1
205 6
206 2
207 3
208 0
209 7
210 0
211 2
212 0
213 6
214 0
215 1
216 1
217 2
218 2
219 3
220 1
221 7
222 1
223 2
224 0
225 6
226 0
227 1
228 0
229 3
230 0
231 3
232 1
233 4
234 1
235 2
236 2
237 3
238 1
239 1
240 0
241 4
242 0
243 3
244 0
245 6
246 0
247 2
248 2
249 7
250 1
251 1
252 1
253 6
254 2
255 3
256 0
257 3
258 0
259 2
260 0
261 5
262 0
263 1
264 1
265 8
266 2
267 3
268 1
269 5
270 1
271 2
272 0
273 4
274 0
275 1
276 0
277 2
278 0
279 3
280 1
281 3
282 1
283 2
284 2
285 4
286 1
287 1
288 0
289 2
290 0
291 3
292 0
293 6
294 0
295 2
296 2
297 7
298 1
299 1
300 1
301 5
302 2
303 3
304 0
305 7
306 0
307 2
308 0
309 3
310 0
311 1
312 1
313 4
314 2
315 3
316 1
317 7
318 1
319 2
320 0
321 5
322 0
323 1
324 0
325 7
326 0
327 3
328 1
329 5
330 1
331 2
332 2
333 6
334 1
335 1
336 0
337 2
338 0
339 3
340 0
341 5
342 0
343 2
344 2
345 7
346 1
347 1
348 1
349 2
350 2
351 3
352 0
353 4
354 0
355 2
356 0
357 7
358 0
359 1
360 1
361 8
362 2
363 3
364 1
365 3
366 1
367 2
368 0
369 8
370 0
371 1
372 0
373 5
374 0
375 3
376 1
377 3
378 1
379 2
380 2
381 4
382 1
383 1
384 0
385 3
386 0
387 3
388 0
389 8
390 0
391 2
392 2
393 4
394 1
395 1
396 1
397 2
398 2
399 3
400 0
401 4
402 0
403 2
404 0
405 6
406 0
407 1
408 1
409 9
410 2
411 3
412 1
413 6
414 1
415 2
416 0
417 3
418 0
419 1
420 0
421 4
422 0
423 3
424 1
425 6
426 1
427 2
428 2
429 7
430 1
431 1
432 0
433 9
434 0
435 3
436 0
437 7
438 0
439 2
440 2
441 4
442 1
443 1
444 1
445 3
446 2
447 3
448 0
449 5
450 0
451 2
452 0
453 6
454 0
455 1
456 1
457 2
458 2
459 3
460 1
461 4
462 1
463 2
464 0
465 6
466 0
467 1
468 0
469 10
470 0
471 3
472 1
473 3
474 1
475 2
476 2
477 5
478 1
479 1
480 0
481 7
482 0
483 3
484 0
485 6
486 0
487 2
488 2
489 5
490 1
491 1
492 1
493 6
494 2
495 3
496 0
497 3
498 0
499 2
500 0
501 8
502 0
503 1
504 1
505 2
506 2
507 3
508 1
509 7
510 1
511 2
512 0
513 9
514 0
515 1
516 0
517 2
518 0
519 3
520 1
521 9
522 1
523 2
524 2
525 3
526 1
527 1
528 0
529 8
530 0
531 3
532 0
533 4
534 0
535 2
536 2
537 10
538 1
539 1
540 1
541 6
542 2
543 3
544 0
545 9
546 0
547 2
548 0
549 3
550 0
551 1
552 1
553 8
554 2
555 3
556 1
557 3
558 1
559 2
560 0
561 5
562 0
563 1
564 0
565 2
566 0
567 3
568 1
569 3
570 1
571 2
572 2
573 4
574 1
575 1
576 0
577 2
578 0
579 3
580 0
581 5
582 0
583 2
584 2
585 7
586 1
587 1
588 1
589 2
590 2
591 3
592 0
593 7
594 0
595 2
596 0
597 8
598 0
599 1
600 1
601 5
602 2
603 3
604 1
605 7
606 1
607 2
608 0
609 3
610 0
611 1
612 0
613 4
614 0
615 3
616 1
617 7
618 1
619 2
620 2
621 4
622 1
623 1
624 0
625 9
626 0
627 3
628 0
629 10
630 0
631 2
632 2
633 6
634 1
635 1
636 1
637 7
638 2
639 3
640 0
641 5
642 0
643 2
644 0
645 7
646 0
647 1
648 1
649 5
650 2
651 3
652 1
653 4
654 1
655 2
656 0
657 8
658 0
659 1
660 0
661 3
662 0
663 3
664 1
665 6
666 1
667 2
668 2
669 8
670 1
671 1
672 0
673 6
674 0
675 3
676 0
677 8
678 0
679 2
680 2
681 9
682 1
683 1
684 1
685 2
686 2
687 3
688 0
689 5
690 0
691 2
692 0
693 4
694 0
695 1
696 1
697 2
698 2
699 3
700 1
701 8
702 1
703 2
704 0
705 6
706 0
707 1
708 0
709 5
710 0
711 3
712 1
713 6
714 1
715 2
716 2
717 3
718 1
719 1
720 0
721 7
722 0
723 3
724 0
725 6
726 0
727 2
728 2
729 8
730 1
731 1
732 1
733 4
734 2
735 3
736 0
737 3
738 0
739 2
740 0
741 7
742 0
743 1
744 1
745 6
746 2
747 3
748 1
749 3
750 1
751 2
752 0
753 6
754 0
755 1
756 0
757 3
758 0
759 3
760 1
761 4
762 1
763 2
764 2
765 9
766 1
767 1
768 0
769 5
770 0
771 3
772 0
773 4
774 0
775 2
776 2
777 10
778 1
779 1
780 1
781 5
782 2
783 3
784 0
785 6
786 0
787 2
788 0
789 3
790 0
791 1
792 1
793 6
794 2
795 3
796 1
797 8
798 1
799 2
800 0
801 10
802 0
803 1
804 0
805 2
806 0
807 3
808 1
809 3
810 1
811 2
812 2
813 4
814 1
815 1
816 0
817 2
818 0
819 3
820 0
821 5
822 0
823 2
824 2
825 11
826 1
827 1
828 1
829 3
830 2
831 3
832 0
833 6
834 0
835 2
836 0
837 8
838 0
839 1
840 1
841 5
842 2
843 3
844 1
845 4
846 1
847 2
848 0
849 8
850 0
851 1
852 0
853 4
854 0
855 3
856 1
857 7
858 1
859 2
860 2
861 5
862 1
863 1
864 0
865 11
866 0
867 3
868 0
869 7
870 0
871 2
872 2
873 5
874 1
875 1
876 1
877 2
878 2
879 3
880 0
881 8
882 0
883 2
884 0
885 9
886 0
887 1
888 1
889 7
890 2
891 3
892 1
893 4
894 1
895 2
896 0
897 9
898 0
899 1
900 0
901 4
902 0
903 3
904 1
905 6
906 1
907 2
908 2
909 8
910 1
911 1
912 0
913 6
914 0
915 3
916 0
917 10
918 0
919 2
920 2
921 3
922 1
923 1
924 1
925 6
926 2
927 3
928 0
929 5
930 0
931 2
932 0
933 11
934 0
935 1
936 1
937 2
938 2
939 3
940 1
941 4
942 1
943 2
944 0
945 6
946 0
947 1
948 0
949 7
950 0
951 3
952 1
953 5
954 1
955 2
956 2
957 9
958 1
959 1
960 0
961 8
962 0
963 3
964 0
965 3
966 0
967 2
968 2
969 8
970 1
971 1
972 1
973 6
974 2
975 3
976 0
977 9
978 0
979 2
980 0
981 4
982 0
983 1
984 1
985 6
986 2
987 3
988 1
989 8
990 1
991 2
992 0
993 6
994 0
995 1
996 0
997 3
998 0
999 3
1000 1
1001 9
1002 1
1003 2
1004 2
1005 10
1006 1
1007 1
1008 0
1009 7
1010 0
1011 3
1012 0
1013 10
1014 0
1015 2
1016 2
1017 6
1018 1
1019 1
1020 1
1021 8
1022 2
1023 3
1024 0
1025 10
1026 0
1027 2
1028 0
1029 7
1030 0
1031 1
1032 1
1033 4
1034 2
1035 3
1036 1
1037 3
1038 1
1039 2
1040 0
1041 7
1042 0
1043 1
1044 0
1045 2
1046 0
1047 3
1048 1
1049 9
1050 1
1051 2
1052 2
1053 10
1054 1
1055 1
1056 0
1057 3
1058 0
1059 3
1060 0
1061 5
1062 0
1063 2
1064 2
1065 4
1066 1
1067 1
1068 1
1069 3
1070 2
1071 3
1072 0
1073 4
1074 0
1075 2
1076 0
1077 3
1078 0
1079 1
1080 1
1081 5
1082 2
1083 3
1084 1
1085 10
1086 1
1087 2
1088 0
1089 3
1090 0
1091 1
1092 0
1093 10
1094 0
1095 3
1096 1
1097 6
1098 1
1099 2
1100 2
1101 5
1102 1
1103 1
1104 0
1105 2
1106 0
1107 3
1108 0
1109 8
1110 0
1111 2
1112 2
1113 4
1114 1
1115 1
1116 1
1117 7
1118 2
1119 3
1120 0
1121 4
1122 0
1123 2
1124 0
1125 9
1126 0
1127 1
1128 1
1129 12
1130 2
1131 3
1132 1
1133 9
1134 1
1135 2
1136 0
1137 7
1138 0
1139 1
1140 0
1141 5
1142 0
1143 3
1144 1
1145 4
1146 1
1147 2
1148 2
1149 8
1150 1
1151 1
1152 0
1153 4
1154 0
1155 3
1156 0
1157 9
1158 0
1159 2
1160 2
1161 10
1162 1
1163 1
1164 1
1165 6
1166 2
1167 3
1168 0
1169 8
1170 0
1171 2
1172 0
1173 6
1174 0
1175 1
1176 1
1177 7
1178 2
1179 3
1180 1
1181 8
1182 1
1183 2
1184 0
1185 9
1186 0
1187 1
1188 0
1189 5
1190 0
1191 3
1192 1
1193 4
1194 1
1195 2
1196 2
1197 3
1198 1
1199 1
1200 0
1201 4
1202 0
1203 3
1204 0
1205 6
1206 0
1207 2
1208 2
1209 7
1210 1
1211 1
1212 1
1213 2
1214 2
1215 3
1216 0
1217 3
1218 0
1219 2
1220 0
1221 8
1222 0
1223 1
1224 1
1225 2
1226 2
1227 3
1228 1
1229 7
1230 1
1231 2
1232 0
1233 4
1234 0
1235 1
1236 0
1237 9
1238 0
1239 3
1240 1
1241 4
1242 1
1243 2
1244 2
1245 6
1246 1
1247 1
1248 0
1249 3
1250 0
1251 3
1252 0
1253 6
1254 0
1255 2
1256 2
1257 10
1258 1
1259 1
1260 1
1261 9
1262 2
1263 3
1264 0
1265 8
1266 0
1267 2
1268 0
1269 5
1270 0
1271 1
1272 1
1273 4
1274 2
1275 3
1276 1
1277 10
1278 1
1279 2
1280 0
1281 5
1282 0
1283 1
1284 0
1285 2
1286 0
1287 3
1288 1
1289 9
1290 1
1291 2
1292 2
1293 11
1294 1
1295 1
1296 0
1297 8
1298 0
1299 3
1300 0
1301 5
1302 0
1303 2
1304 2
1305 7
1306 1
1307 1
1308 1
1309 2
1310 2
1311 3
1312 0
1313 4
1314 0
1315 2
1316 0
1317 8
1318 0
1319 1
1320 1
1321 5
1322 2
1323 3
1324 1
1325 4
1326 1
1327 2
1328 0
1329 3
1330 0
1331 1
1332 0
1333 2
1334 0
1335 3
1336 1
1337 6
1338 1
1339 2
1340 2
1341 5
1342 1
1343 1
1344 0
1345 7
1346 0
1347 3
1348 0
1349 8
1350 0
1351 2
1352 2
1353 4
1354 1
1355 1
1356 1
1357 3
1358 2
1359 3
1360 0
1361 5
1362 0
1363 2
1364 0
1365 4
1366 0
1367 1
1368 1
1369 3
1370 2
1371 3
1372 1
1373 5
1374 1
1375 2
1376 0
1377 3
1378 0
1379 1
1380 0
1381 10
1382 0
1383 3
1384 1
1385 7
1386 1
1387 2
1388 2
1389 10
1390 1
1391 1
1392 0
1393 4
1394 0
1395 3
1396 0
1397 9
1398 0
1399 2
1400 2
1401 12
1402 1
1403 1
1404 1
1405 6
1406 2
1407 3
1408 0
1409 11
1410 0
1411 2
1412 0
1413 6
1414 0
1415 1
1416 1
1417 3
1418 2
1419 3
1420 1
1421 11
1422 1
1423 2
1424 0
1425 6
1426 0
1427 1
1428 0
1429 5
1430 0
1431 3
1432 1
1433 6
1434 1
1435 2
1436 2
1437 7
1438 1
1439 1
1440 0
1441 2
1442 0
1443 3
1444 0
1445 6
1446 0
1447 2
1448 2
1449 10
1450 1
1451 1
1452 1
1453 5
1454 2
1455 3
1456 0
1457 7
1458 0
1459 2
1460 0
1461 3
1462 0
1463 1
1464 1
1465 6
1466 2
1467 3
1468 1
1469 7
1470 1
1471 2
1472 0
1473 6
1474 0
1475 1
1476 0
1477 7
1478 0
1479 3
1480 1
1481 4
1482 1
1483 2
1484 2
1485 6
1486 1
1487 1
1488 0
1489 8
1490 0
1491 3
1492 0
1493 6
1494 0
1495 2
1496 2
1497 7
1498 1
1499 1
1500 1
1501 2
1502 2
1503 3
1504 0
1505 4
1506 0
1507 2
1508 0
1509 5
1510 0
1511 1
1512 1
1513 9
1514 2
1515 3
1516 1
1517 10
1518 1
1519 2
1520 0
1521 5
1522 0
1523 1
1524 0
1525 2
1526 0
1527 3
1528 1
1529 3
1530 1
1531 2
1532 2
1533 4
1534 1
1535 1
1536 0
1537 3
1538 0
1539 3
1540 0
1541 8
1542 0
1543 2
1544 2
1545 10
1546 1
1547 1
1548 1
1549 7
1550 2
1551 3
1552 0
1553 6
1554 0
1555 2
1556 0
1557 3
1558 0
1559 1
1560 1
1561 5
1562 2
1563 3
1564 1
1565 10
1566 1
1567 2
1568 0
1569 3
1570 0
1571 1
1572 0
1573 4
1574 0
1575 3
1576 1
1577 11
1578 1
1579 2
1580 2
1581 5
1582 1
1583 1
1584 0
1585 4
1586 0
1587 3
1588 0
1589 7
1590 0
1591 2
1592 2
1593 12
1594 1
1595 1
1596 1
1597 6
1598 2
1599 3
1600 0
1601 5
1602 0
1603 2
1604 0
1605 9
1606 0
1607 1
1608 1
1609 8
1610 2
1611 3
1612 1
1613 4
1614 1
1615 2
1616 0
1617 8
1618 0
1619 1
1620 0
1621 10
1622 0
1623 3
1624 1
1625 11
1626 1
1627 2
1628 2
1629 9
1630 1
1631 1
1632 0
1633 10
1634 0
1635 3
1636 0
1637 11
1638 0
1639 2
1640 2
1641 5
1642 1
1643 1
1644 1
1645 7
1646 2
1647 3
1648 0
1649 8
1650 0
1651 2
1652 0
1653 4
1654 0
1655 1
1656 1
1657 7
1658 2
1659 3
1660 1
1661 8
1662 1
1663 2
1664 0
1665 6
1666 0
1667 1
1668 0
1669 8
1670 0
1671 3
1672 1
1673 9
1674 1
1675 2
1676 2
1677 6
1678 1
1679 1
1680 0
1681 4
1682 0
1683 3
1684 0
1685 9
1686 0
1687 2
1688 2
1689 5
1690 1
1691 1
1692 1
1693 4
1694 2
1695 3
1696 0
1697 3
1698 0
1699 2
1700 0
1701 7
1702 0
1703 1
1704 1
1705 6
1706 2
1707 3
1708 1
1709 11
1710 1
1711 2
1712 0
1713 9
1714 0
1715 1
1716 0
1717 6
1718 0
1719 3
1720 1
1721 3
1722 1
1723 2
1724 2
1725 6
1726 1
1727 1
1728 0
1729 2
1730 0
1731 3
1732 0
1733 4
1734 0
1735 2
1736 2
1737 13
1738 1
1739 1
1740 1
1741 2
1742 2
1743 3
1744 0
1745 6
1746 0
1747 2
1748 0
1749 10
1750 0
1751 1
1752 1
1753 9
1754 2
1755 3
1756 1
1757 10
1758 1
1759 2
1760 0
1761 11
1762 0
1763 1
1764 0
1765 8
1766 0
1767 3
1768 1
1769 5
1770 1
1771 2
1772 2
1773 4
1774 1
1775 1
1776 0
1777 8
1778 0
1779 3
1780 0
1781 5
1782 0
1783 2
1784 2
1785 6
1786 1
1787 1
1788 1
1789 3
1790 2
1791 3
1792 0
1793 9
1794 0
1795 2
1796 0
1797 7
1798 0
1799 1
1800 1
1801 5
1802 2
1803 3
1804 1
1805 9
1806 1
1807 2
1808 0
1809 5
1810 0
1811 1
1812 0
1813 4
1814 0
1815 3
1816 1
1817 7
1818 1
1819 2
1820 2
1821 5
1822 1
1823 1
1824 0
1825 12
1826 0
1827 3
1828 0
1829 11
1830 0
1831 2
1832 2
1833 12
1834 1
1835 1
1836 1
1837 8
1838 2
1839 3
1840 0
1841 5
1842 0
1843 2
1844 0
1845 9
1846 0
1847 1
1848 1
1849 3
1850 2
1851 3
1852 1
1853 4
1854 1
1855 2
1856 0
1857 11
1858 0
1859 1
1860 0
1861 4
1862 0
1863 3
1864 1
1865 7
1866 1
1867 2
1868 2
1869 3
1870 1
1871 1
1872 0
1873 9
1874 0
1875 3
1876 0
1877 3
1878 0
1879 2
1880 2
1881 8
1882 1
1883 1
1884 1
1885 10
1886 2
1887 3
1888 0
1889 5
1890 0
1891 2
1892 0
1893 4
1894 0
1895 1
1896 1
1897 2
1898 2
1899 3
1900 1
1901 12
1902 1
1903 2
1904 0
1905 6
1906 0
1907 1
1908 0
1909 10
1910 0
1911 3
1912 1
1913 8
1914 1
1915 2
1916 2
1917 11
1918 1
1919 1
1920 0
1921 3
1922 0
1923 3
1924 0
1925 6
1926 0
1927 2
1928 2
1929 10
1930 1
1931 1
1932 1
1933 9
1934 2
1935 3
1936 0
1937 7
1938 0
1939 2
1940 0
1941 11
1942 0
1943 1
1944 1
1945 6
1946 2
1947 3
1948 1
1949 12
1950 1
1951 2
1952 0
1953 13
1954 0
1955 1
1956 0
1957 2
1958 0
1959 3
1960 1
1961 9
1962 1
1963 2
1964 2
1965 6
1966 1
1967 1
1968 0
1969 2
1970 0
1971 3
1972 0
1973 12
1974 0
1975 2
1976 2
1977 7
1978 1
1979 1
1980 1
1981 12
1982 2
1983 3
1984 0
1985 9
1986 0
1987 2
1988 0
1989 10
1990 0
1991 1
1992 1
1993 6
1994 2
1995 3
1996 1
1997 3
1998 1
1999 2
2000 0
2001 8
2002 0
2003 1
2004 0
2005 7
2006 0
2007 3
2008 1
2009 3
2010 1
2011 2
2012 2
2013 9
2014 1
2015 1
2016 0
2017 10
2018 0
2019 3
2020 0
2021 5
2022 0
2023 2
2024 2
2025 12
2026 1
2027 1
2028 1
2029 2
2030 2
2031 3
2032 0
2033 4
2034 0
2035 2
2036 0
2037 13
2038 0
2039 1
2040 1
2041 14
2042 2
2043 3
2044 1
2045 10
2046 1
2047 2
2048 0
2049 3
2050 0
2051 1
2052 0
2053 8
2054 0
2055 3
2056 1
2057 3
2058 1
2059 2
2060 2
2061 5
2062 1
2063 1
2064 0
2065 9
2066 0
2067 3
2068 0
2069 5
2070 0
2071 2
2072 2
2073 4
2074 1
2075 1
2076 1
2077 13
2078 2
2079 3
2080 0
2081 5
2082 0
2083 2
2084 0
2085 4
2086 0
2087 1
2088 1
2089 2
2090 2
2091 3
2092 1
2093 7
2094 1
2095 2
2096 0
2097 8
2098 0
2099 1
2100 0
2101 5
2102 0
2103 3
2104 1
2105 4
2106 1
2107 2
2108 2
2109 9
2110 1
2111 1
2112 0
2113 4
2114 0
2115 3
2116 0
2117 7
2118 0
2119 2
2120 2
2121 12
2122 1
2123 1
2124 1
2125 4
2126 2
2127 3
2128 0
2129 10
2130 0
2131 2
2132 0
2133 6
2134 0
2135 1
2136 1
2137 2
2138 2
2139 3
2140 1
2141 5
2142 1
2143 2
2144 0
2145 11
2146 0
2147 1
2148 0
2149 2
2150 0
2151 3
2152 1
2153 4
2154 1
2155 2
2156 2
2157 8
2158 1
2159 1
2160 0
2161 12
2162 0
2163 3
2164 0
2165 6
2166 0
2167 2
2168 2
2169 11
2170 1
2171 1
2172 1
2173 12
2174 2
2175 3
2176 0
2177 7
2178 0
2179 2
2180 0
2181 8
2182 0
2183 1
2184 1
2185 3
2186 2
2187 3
2188 1
2189 5
2190 1
2191 2
2192 0
2193 4
2194 0
2195 1
2196 0
2197 2
2198 0
2199 3
2200 1
2201 4
2202 1
2203 2
2204 2
2205 6
2206 1
2207 1
2208 0
2209 7
2210 0
2211 3
2212 0
2213 6
2214 0
2215 2
2216 2
2217 10
2218 1
2219 1
2220 1
2221 9
2222 2
2223 3
2224 0
2225 6
2226 0
2227 2
2228 0
2229 5
2230 0
2231 1
2232 1
2233 4
2234 2
2235 3
2236 1
2237 10
2238 1
2239 2
2240 0
2241 4
2242 0
2243 1
2244 0
2245 2
2246 0
2247 3
2248 1
2249 7
2250 1
2251 2
2252 2
2253 8
2254 1
2255 1
2256 0
2257 2
2258 0
2259 3
2260 0
2261 10
2262 0
2263 2
2264 2
2265 9
2266 1
2267 1
2268 1
2269 5
2270 2
2271 3
2272 0
2273 4
2274 0
2275 2
2276 0
2277 11
2278 0
2279 1
2280 1
2281 3
2282 2
2283 3
2284 1
2285 4
2286 1
2287 2
2288 0
2289 12
2290 0
2291 1
2292 0
2293 9
2294 0
2295 3
2296 1
2297 6
2298 1
2299 2
2300 2
2301 5
2302 1
2303 1
2304 0
2305 10
2306 0
2307 3
2308 0
2309 3
2310 0
2311 2
2312 2
2313 4
2314 1
2315 1
2316 1
2317 7
2318 2
2319 3
2320 0
2321 5
2322 0
2323 2
2324 0
2325 4
2326 0
2327 1
2328 1
2329 11
2330 2
2331 3
2332 1
2333 8
2334 1
2335 2
2336 0
2337 12
2338 0
2339 1
2340 0
2341 5
2342 0
2343 3
2344 1
2345 7
2346 1
2347 2
2348 2
2349 5
2350 1
2351 1
2352 0
2353 4
2354 0
2355 3
2356 0
2357 8
2358 0
2359 2
2360 2
2361 5
2362 1
2363 1
2364 1
2365 2
2366 2
2367 3
2368 0
2369 3
2370 0
2371 2
2372 0
2373 9
2374 0
2375 1
2376 1
2377 2
2378 2
2379 3
2380 1
2381 11
2382 1
2383 2
2384 0
2385 8
2386 0
2387 1
2388 0
2389 5
2390 0
2391 3
2392 1
2393 4
2394 1
2395 2
2396 2
2397 9
2398 1
2399 1
2400 0
2401 14
2402 0
2403 3
2404 0
2405 6
2406 0
2407 2
2408 2
2409 8
2410 1
2411 1
2412 1
2413 3
2414 2
2415 3
2416 0
2417 8
2418 0
2419 2
2420 0
2421 4
2422 0
2423 1
2424 1
2425 6
2426 2
2427 3
2428 1
2429 5
2430 1
2431 2
2432 0
2433 13
2434 0
2435 1
2436 0
2437 2
2438 0
2439 3
2440 1
2441 9
2442 1
2443 2
2444 2
2445 6
2446 1
2447 1
2448 0
2449 12
2450 0
2451 3
2452 0
2453 11
2454 0
2455 2
2456 2
2457 13
2458 1
2459 1
2460 1
2461 4
2462 2
2463 3
2464 0
2465 6
2466 0
2467 2
2468 0
2469 8
2470 0
2471 1
2472 1
2473 3
2474 2
2475 3
2476 1
2477 7
2478 1
2479 2
2480 0
2481 10
2482 0
2483 1
2484 0
2485 2
2486 0
2487 3
2488 1
2489 10
2490 1
2491 2
2492 2
2493 14
2494 1
2495 1
2496 0
2497 2
2498 0
2499 3
2500 0
2501 9
2502 0
2503 2
2504 2
2505 12
2506 1
2507 1
2508 1
2509 5
2510 2
2511 3
2512 0
2513 9
2514 0
2515 2
2516 0
2517 3
2518 0
2519 1
2520 1
2521 5
2522 2
2523 3
2524 1
2525 8
2526 1
2527 2
2528 0
2529 11
2530 0
2531 1
2532 0
2533 14
2534 0
2535 3
2536 1
2537 7
2538 1
2539 2
2540 2
2541 11
2542 1
2543 1
2544 0
2545 8
2546 0
2547 3
2548 0
2549 5
2550 0
2551 2
2552 2
2553 12
2554 1
2555 1
2556 1
2557 2
2558 2
2559 3
2560 0
2561 11
2562 0
2563 2
2564 0
2565 7
2566 0
2567 1
2568 1
2569 3
2570 2
2571 3
2572 1
2573 8
2574 1
2575 2
2576 0
2577 10
2578 0
2579 1
2580 0
2581 9
2582 0
2583 3
2584 1
2585 4
2586 1
2587 2
2588 2
2589 7
2590 1
2591 1
2592 0
2593 13
2594 0
2595 3
2596 0
2597 8
2598 0
2599 2
2600 2
2601 3
2602 1
2603 1
2604 1
2605 9
2606 2
2607 3
2608 0
2609 10
2610 0
2611 2
2612 0
2613 14
2614 0
2615 1
2616 1
2617 2
2618 2
2619 3
2620 1
2621 11
2622 1
2623 2
2624 0
2625 4
2626 0
2627 1
2628 0
2629 3
2630 0
2631 3
2632 1
2633 9
2634 1
2635 2
2636 2
2637 12
2638 1
2639 1
2640 0
2641 13
2642 0
2643 3
2644 0
2645 7
2646 0
2647 2
2648 2
2649 3
2650 1
2651 1
2652 1
2653 6
2654 2
2655 3
2656 0
2657 15
2658 0
2659 2
2660 0
2661 13
2662 0
2663 1
2664 1
2665 11
2666 2
2667 3
2668 1
2669 12
2670 1
2671 2
2672 0
2673 9
2674 0
2675 1
2676 0
2677 2
2678 0
2679 3
2680 1
2681 12
2682 1
2683 2
2684 2
2685 7
2686 1
2687 1
2688 0
2689 10
2690 0
2691 3
2692 0
2693 6
2694 0
2695 2
2696 2
2697 10
2698 1
2699 1
2700 1
2701 8
2702 2
2703 3
2704 0
2705 14
2706 0
2707 2
2708 0
2709 12
2710 0
2711 1
2712 1
2713 11
2714 2
2715 3
2716 1
2717 3
2718 1
2719 2
2720 0
2721 12
2722 0
2723 1
2724 0
2725 15
2726 0
2727 3
2728 1
2729 5
2730 1
2731 2
2732 2
2733 6
2734 1
2735 1
2736 0
2737 14
2738 0
2739 3
2740 0
2741 10
2742 0
2743 2
2744 2
2745 8
2746 1
2747 1
2748 1
2749 10
2750 2
2751 3
2752 0
2753 9
2754 0
2755 2
2756 0
2757 7
2758 0
2759 1
2760 1
2761 14
2762 2
2763 3
2764 1
2765 13
2766 1
2767 2
2768 0
2769 11
2770 0
2771 1
2772 0
2773 13
2774 0
2775 3
2776 1
2777 8
2778 1
2779 2
2780 2
2781 7
2782 1
2783 1
2784 0
2785 2
2786 0
2787 3
2788 0
2789 3
2790 0
2791 2
2792 2
2793 9
2794 1
2795 1
2796 1
2797 8
2798 2
2799 3
2800 0
2801 16
2802 0
2803 2
2804 0
2805 4
2806 0
2807 1
2808 1
2809 15
2810 2
2811 3
2812 1
2813 6
2814 1
2815 2
2816 0
2817 12
2818 0
2819 1
2820 0
2821 10
2822 0
2823 3
2824 1
2825 4
2826 1
2827 2
2828 2
2829 11
2830 1
2831 1
2832 0
2833 7
2834 0
2835 3
2836 0
2837 3
2838 0
2839 2
2840 2
2841 12
2842 1
2843 1
2844 1
2845 2
2846 2
2847 3
2848 0
2849 5
2850 0
2851 2
2852 0
2853 14
2854 0
2855 1
2856 1
2857 15
2858 2
2859 3
2860 1
2861 5
2862 1
2863 2
2864 0
2865 7
2866 0
2867 1
2868 0
2869 3
2870 0
2871 3
2872 1
2873 7
2874 1
2875 2
2876 2
2877 9
2878 1
2879 1
2880 0
2881 3
2882 0
2883 3
2884 0
2885 6
2886 0
2887 2
2888 2
2889 11
2890 1
2891 1
2892 1
2893 16
2894 2
2895 3
2896 0
2897 6
2898 0
2899 2
2900 0
2901 11
2902 0
2903 1
2904 1
2905 2
2906 2
2907 3
2908 1
2909 12
2910 1
2911 2
2912 0
2913 13
2914 0
2915 1
2916 0
2917 2
2918 0
2919 3
2920 1
2921 3
2922 1
2923 2
2924 2
2925 13
2926 1
2927 1
2928 0
2929 5
2930 0
2931 3
2932 0
2933 13
2934 0
2935 2
2936 2
2937 15
2938 1
2939 1
2940 1
2941 16
2942 2
2943 3
2944 0
2945 6
2946 0
2947 2
2948 0
2949 11
2950 0
2951 1
2952 1
2953 9
2954 2
2955 3
2956 1
2957 7
2958 1
2959 2
2960 0
2961 15
2962 0
2963 1
2964 0
2965 2
2966 0
2967 3
2968 1
2969 12
2970 1
2971 2
2972 2
2973 13
2974 1
2975 1
2976 0
2977 8
2978 0
2979 3
2980 0
2981 13
2982 0
2983 2
2984 2
2985 10
2986 1
2987 1
2988 1
2989 8
2990 2
2991 3
2992 0
2993 9
2994 0
2995 2
2996 0
2997 11
2998 0
2999 1
3000 1
3001 13
3002 2
3003 3
3004 1
3005 14
3006 1
3007 2
3008 0
3009 3
3010 0
3011 1
3012 0
3013 15
3014 0
3015 3
3016 1
3017 8
3018 1
3019 2
3020 2
3021 5
3022 1
3023 1
3024 0
3025 10
3026 0
3027 3
3028 0
3029 12
3030 0
3031 2
3032 2
3033 14
3034 1
3035 1
3036 1
3037 17
3038 2
3039 3
3040 0
3041 4
3042 0
3043 2
3044 0
3045 14
3046 0
3047 1
3048 1
3049 5
3050 2
3051 3
3052 1
3053 11
3054 1
3055 2
3056 0
3057 14
3058 0
3059 1
3060 0
3061 16
3062 0
3063 3
3064 1
3065 17
3066 1
3067 2
3068 2
3069 15
3070 1
3071 1
3072 0
3073 16
3074 0
3075 3
3076 0
3077 6
3078 0
3079 2
3080 2
3081 9
3082 1
3083 1
3084 1
3085 12
3086 2
3087 3
3088 0
3089 14
3090 0
3091 2
3092 0
3093 13
3094 0
3095 1
3096 1
3097 3
3098 2
3099 3
3100 1
3101 10
3102 1
3103 2
3104 0
3105 3
3106 0
3107 1
3108 0
3109 8
3110 0
3111 3
3112 1
3113 10
3114 1
3115 2
3116 2
3117 12
3118 1
3119 1
3120 0
3121 11
3122 0
3123 3
3124 0
3125 17
3126 0
3127 2
3128 2
3129 8
3130 1
3131 1
3132 1
3133 10
3134 2
3135 3
3136 0
3137 13
3138 0
3139 2
3140 0
3141 14
3142 0
3143 1
3144 1
3145 6
3146 2
3147 3
3148 1
3149 13
3150 1
3151 2
3152 0
3153 15
3154 0
3155 1
3156 0
3157 5
3158 0
3159 3
3160 1
3161 11
3162 1
3163 2
3164 2
3165 14
3166 1
3167 1
3168 0
3169 12
3170 0
3171 3
3172 0
3173 14
3174 0
3175 2
3176 2
3177 7
3178 1
3179 1
3180 1
3181 11
3182 2
3183 3
3184 0
3185 6
3186 0
3187 2
3188 0
3189 8
3190 0
3191 1
3192 1
3193 6
3194 2
3195 3
3196 1
3197 15
3198 1
3199 2
3200 0
3201 11
3202 0
3203 1
3204 0
3205 7
3206 0
3207 3
3208 1
3209 11
3210 1
3211 2
3212 2
3213 9
3214 1
3215 1
3216 0
3217 2
3218 0
3219 3
3220 0
3221 3
3222 0
3223 2
3224 2
3225 7
3226 1
3227 1
3228 1
3229 5
3230 2
3231 3
3232 0
3233 6
3234 0
3235 2
3236 0
3237 7
3238 0
3239 1
3240 1
3241 8
3242 2
3243 3
3244 1
3245 13
3246 1
3247 2
3248 0
3249 10
3250 0
3251 1
3252 0
3253 9
3254 0
3255 3
3256 1
3257 11
3258 1
3259 2
3260 2
3261 16
3262 1
3263 1
3264 0
3265 12
3266 0
3267 3
3268 0
3269 10
3270 0
3271 2
3272 2
3273 12
3274 1
3275 1
3276 1
3277 11
3278 2
3279 3
3280 0
3281 15
3282 0
3283 2
3284 0
3285 7
3286 0
3287 1
3288 1
3289 10
3290 2
3291 3
3292 1
3293 9
3294 1
3295 2
3296 0
3297 14
3298 0
3299 1
3300 0
3301 2
3302 0
3303 3
3304 1
3305 12
3306 1
3307 2
3308 2
3309 15
3310 1
3311 1
3312 0
3313 5
3314 0
3315 3
3316 0
3317 3
3318 0
3319 2
3320 2
3321 9
3322 1
3323 1
3324 1
3325 14
3326 2
3327 3
3328 0
3329 7
3330 0
3331 2
3332 0
3333 11
3334 0
3335 1
3336 1
3337 3
3338 2
3339 3
3340 1
3341 4
3342 1
3343 2
3344 0
3345 8
3346 0
3347 1
3348 0
3349 3
3350 0
3351 3
3352 1
3353 6
3354 1
3355 2
3356 2
3357 3
3358 1
3359 1
3360 0
3361 13
3362 0
3363 3
3364 0
3365 14
3366 0
3367 2
3368 2
3369 3
3370 1
3371 1
3372 1
3373 6
3374 2
3375 3
3376 0
3377 3
3378 0
3379 2
3380 0
3381 9
3382 0
3383 1
3384 1
3385 4
3386 2
3387 3
3388 1
3389 12
3390 1
3391 2
3392 0
3393 6
3394 0
3395 1
3396 0
3397 8
3398 0
3399 3
3400 1
3401 10
3402 1
3403 2
3404 2
3405 15
3406 1
3407 1
3408 0
3409 10
3410 0
3411 3
3412 0
3413 11
3414 0
3415 2
3416 2
3417 14
3418 1
3419 1
3420 1
3421 10
3422 2
3423 3
3424 0
3425 3
3426 0
3427 2
3428 0
3429 8
3430 0
3431 1
3432 1
3433 4
3434 2
3435 3
3436 1
3437 12
3438 1
3439 2
3440 0
3441 9
3442 0
3443 1
3444 0
3445 16
3446 0
3447 3
3448 1
3449 8
3450 1
3451 2
3452 2
3453 13
3454 1
3455 1
3456 0
3457 8
3458 0
3459 3
3460 0
3461 5
3462 0
3463 2
3464 2
3465 6
3466 1
3467 1
3468 1
3469 2
3470 2
3471 3
3472 0
3473 4
3474 0
3475 2
3476 0
3477 7
3478 0
3479 1
3480 1
3481 12
3482 2
3483 3
3484 1
3485 9
3486 1
3487 2
3488 0
3489 11
3490 0
3491 1
3492 0
3493 9
3494 0
3495 3
3496 1
3497 7
3498 1
3499 2
3500 2
3501 5
3502 1
3503 1
3504 0
3505 14
3506 0
3507 3
3508 0
3509 11
3510 0
3511 2
3512 2
3513 4
3514 1
3515 1
3516 1
3517 3
3518 2
3519 3
3520 0
3521 5
3522 0
3523 2
3524 0
3525 12
3526 0
3527 1
3528 1
3529 5
3530 2
3531 3
3532 1
3533 8
3534 1
3535 2
3536 0
3537 10
3538 0
3539 1
3540 0
3541 4
3542 0
3543 3
3544 1
3545 13
3546 1
3547 2
3548 2
3549 5
3550 1
3551 1
3552 0
3553 4
3554 0
3555 3
3556 0
3557 7
3558 0
3559 2
3560 2
3561 4
3562 1
3563 1
3564 1
3565 2
3566 2
3567 3
3568 0
3569 7
3570 0
3571 2
3572 0
3573 13
3574 0
3575 1
3576 1
3577 8
3578 2
3579 3
3580 1
3581 9
3582 1
3583 2
3584 0
3585 4
3586 0
3587 1
3588 0
3589 5
3590 0
3591 3
3592 1
3593 4
3594 1
3595 2
3596 2
3597 14
3598 1
3599 1
3600 0
3601 7
3602 0
3603 3
3604 0
3605 6
3606 0
3607 2
3608 2
3609 5
3610 1
3611 1
3612 1
3613 12
3614 2
3615 3
3616 0
3617 11
3618 0
3619 2
3620 0
3621 15
3622 0
3623 1
3624 1
3625 6
3626 2
3627 3
3628 1
3629 10
3630 1
3631 2
3632 0
3633 16
3634 0
3635 1
3636 0
3637 6
3638 0
3639 3
3640 1
3641 9
3642 1
3643 2
3644 2
3645 6
3646 1
3647 1
3648 0
3649 2
3650 0
3651 3
3652 0
3653 10
3654 0
3655 2
3656 2
3657 12
3658 1
3659 1
3660 1
3661 8
3662 2
3663 3
3664 0
3665 15
3666 0
3667 2
3668 0
3669 14
3670 0
3671 1
3672 1
3673 9
3674 2
3675 3
3676 1
3677 14
3678 1
3679 2
3680 0
3681 4
3682 0
3683 1
3684 0
3685 6
3686 0
3687 3
3688 1
3689 12
3690 1
3691 2
3692 2
3693 6
3694 1
3695 1
3696 0
3697 7
3698 0
3699 3
3700 0
3701 11
3702 0
3703 2
3704 2
3705 13
3706 1
3707 1
3708 1
3709 8
3710 2
3711 3
3712 0
3713 9
3714 0
3715 2
3716 0
3717 8
3718 0
3719 1
3720 1
3721 4
3722 2
3723 3
3724 1
3725 7
3726 1
3727 2
3728 0
3729 12
3730 0
3731 1
3732 0
3733 3
3734 0
3735 3
3736 1
3737 8
3738 1
3739 2
3740 2
3741 10
3742 1
3743 1
3744 0
3745 13
3746 0
3747 3
3748 0
3749 7
3750 0
3751 2
3752 2
3753 15
3754 1
3755 1
3756 1
3757 7
3758 2
3759 3
3760 0
3761 10
3762 0
3763 2
3764 0
3765 16
3766 0
3767 1
3768 1
3769 9
3770 2
3771 3
3772 1
3773 5
3774 1
3775 2
3776 0
3777 12
3778 0
3779 1
3780 0
3781 15
3782 0
3783 3
3784 1
3785 12
3786 1
3787 2
3788 2
3789 3
3790 1
3791 1
3792 0
3793 9
3794 0
3795 3
3796 0
3797 12
3798 0
3799 2
3800 2
3801 14
3802 1
3803 1
3804 1
3805 11
3806 2
3807 3
3808 0
3809 16
3810 0
3811 2
3812 0
3813 10
3814 0
3815 1
3816 1
3817 3
3818 2
3819 3
3820 1
3821 15
3822 1
3823 2
3824 0
3825 9
3826 0
3827 1
3828 0
3829 7
3830 0
3831 3
3832 1
3833 14
3834 1
3835 2
3836 2
3837 7
3838 1
3839 1
3840 0
3841 2
3842 0
3843 3
3844 0
3845 3
3846 0
3847 2
3848 2
3849 5
3850 1
3851 1
3852 1
3853 16
3854 2
3855 3
3856 0
3857 5
3858 0
3859 2
3860 0
3861 4
3862 0
3863 1
3864 1
3865 11
3866 2
3867 3
3868 1
3869 15
3870 1
3871 2
3872 0
3873 6
3874 0
3875 1
3876 0
3877 5
3878 0
3879 3
3880 1
3881 9
3882 1
3883 2
3884 2
3885 6
3886 1
3887 1
3888 0
3889 14
3890 0
3891 3
3892 0
3893 11
3894 0
3895 2
3896 2
3897 8
3898 1
3899 1
3900 1
3901 4
3902 2
3903 3
3904 0
3905 12
3906 0
3907 2
3908 0
3909 5
3910 0
3911 1
3912 1
3913 13
3914 2
3915 3
3916 1
3917 6
3918 1
3919 2
3920 0
3921 16
3922 0
3923 1
3924 0
3925 2
3926 0
3927 3
3928 1
3929 8
3930 1
3931 2
3932 2
3933 4
3934 1
3935 1
3936 0
3937 3
3938 0
3939 3
3940 0
3941 15
3942 0
3943 2
3944 2
3945 16
3946 1
3947 1
3948 1
3949 8
3950 2
3951 3
3952 0
3953 9
3954 0
3955 2
3956 0
3957 3
3958 0
3959 1
3960 1
3961 14
3962 2
3963 3
3964 1
3965 7
3966 1
3967 2
3968 0
3969 11
3970 0
3971 1
3972 0
3973 4
3974 0
3975 3
3976 1
3977 11
3978 1
3979 2
3980 2
3981 3
3982 1
3983 1
3984 0
3985 7
3986 0
3987 3
3988 0
3989 10
3990 0
3991 2
3992 2
3993 15
3994 1
3995 1
3996 1
3997 17
3998 2
3999 3
4000 0
4001 6
4002 0
4003 2
4004 0
4005 9
4006 0
4007 1
4008 1
4009 3
4010 2
4011 3
4012 1
4013 4
4014 1
4015 2
4016 0
4017 7
4018 0
4019 1
4020 0
4021 12
4022 0
4023 3
4024 1
4025 15
4026 1
4027 2
4028 2
4029 11
4030 1
4031 1
4032 0
4033 6
4034 0
4035 3
4036 0
4037 8
4038 0
4039 2
4040 2
4041 5
4042 1
4043 1
4044 1
4045 7
4046 2
4047 3
4048 0
4049 3
4050 0
4051 2
4052 0
4053 4
4054 0
4055 1
4056 1
4057 7
4058 2
4059 3
4060 1
4061 12
4062 1
4063 2
4064 0
4065 13
4066 0
4067 1
4068 0
4069 5
4070 0
4071 3
4072 1
4073 6
4074 1
4075 2
4076 2
4077 8
4078 1
4079 1
4080 0
4081 16
4082 0
4083 3
4084 0
4085 9
4086 0
4087 2
4088 2
4089 3
4090 1
4091 1
4092 1
4093 2
4094 2
4095 3
4096 0
4097 11
4098 0
4099 2
4100 0
4101 10
4102 0
4103 1
4104 1
4105 4
4106 2
4107 3
4108 1
4109 10
4110 1
4111 2
4112 0
4113 13
4114 0
4115 1
4116 0
4117 5
4118 0
4119 3
4120 1
4121 14
4122 1
4123 2
4124 2
4125 6
4126 1
4127 1
4128 0
4129 10
4130 0
4131 3
4132 0
4133 9
4134 0
4135 2
4136 2
4137 3
4138 1
4139 1
4140 1
4141 9
4142 2
4143 3
4144 0
4145 4
4146 0
4147 2
4148 0
4149 12
4150 0
4151 1
4152 1
4153 2
4154 2
4155 3
4156 1
4157 15
4158 1
4159 2
4160 0
4161 17
4162 0
4163 1
4164 0
4165 8
4166 0
4167 3
4168 1
4169 11
4170 1
4171 2
4172 2
4173 16
4174 1
4175 1
4176 0
4177 14
4178 0
4179 3
4180 0
4181 11
4182 0
4183 2
4184 2
4185 6
4186 1
4187 1
4188 1
4189 9
4190 2
4191 3
4192 0
4193 16
4194 0
4195 2
4196 0
4197 7
4198 0
4199 1
4200 1
4201 11
4202 2
4203 3
4204 1
4205 13
4206 1
4207 2
4208 0
4209 5
4210 0
4211 1
4212 0
4213 15
4214 0
4215 3
4216 1
4217 10
4218 1
4219 2
4220 2
4221 5
4222 1
4223 1
4224 0
4225 8
4226 0
4227 3
4228 0
4229 5
4230 0
4231 2
4232 2
4233 13
4234 1
4235 1
4236 1
4237 6
4238 2
4239 3
4240 0
4241 16
4242 0
4243 2
4244 0
4245 9
4246 0
4247 1
4248 1
4249 8
4250 2
4251 3
4252 1
4253 11
4254 1
4255 2
4256 0
4257 7
4258 0
4259 1
4260 0
4261 10
4262 0
4263 3
4264 1
4265 7
4266 1
4267 2
4268 2
4269 14
4270 1
4271 1
4272 0
4273 13
4274 0
4275 3
4276 0
4277 17
4278 0
4279 2
4280 2
4281 8
4282 1
4283 1
4284 1
4285 10
4286 2
4287 3
4288 0
4289 15
4290 0
4291 2
4292 0
4293 14
4294 0
4295 1
4296 1
4297 3
4298 2
4299 3
4300 1
4301 9
4302 1
4303 2
4304 0
4305 18
4306 0
4307 1
4308 0
4309 2
4310 0
4311 3
4312 1
4313 12
4314 1
4315 2
4316 2
4317 13
4318 1
4319 1
4320 0
4321 3
4322 0
4323 3
4324 0
4325 9
4326 0
4327 2
4328 2
4329 16
4330 1
4331 1
4332 1
4333 18
4334 2
4335 3
4336 0
4337 7
4338 0
4339 2
4340 0
4341 8
4342 0
4343 1
4344 1
4345 10
4346 2
4347 3
4348 1
4349 16
4350 1
4351 2
4352 0
4353 17
4354 0
4355 1
4356 0
4357 12
4358 0
4359 3
4360 1
4361 11
4362 1
4363 2
4364 2
4365 14
4366 1
4367 1
4368 0
4369 12
4370 0
4371 3
4372 0
4373 11
4374 0
4375 2
4376 2
4377 5
4378 1
4379 1
4380 1
4381 16
4382 2
4383 3
4384 0
4385 15
4386 0
4387 2
4388 0
4389 7
4390 0
4391 1
4392 1
4393 17
4394 2
4395 3
4396 1
4397 14
4398 1
4399 2
4400 0
4401 17
4402 0
4403 1
4404 0
4405 11
4406 0
4407 3
4408 1
4409 5
4410 1
4411 2
4412 2
4413 13
4414 1
4415 1
4416 0
4417 8
4418 0
4419 3
4420 0
4421 9
4422 0
4423 2
4424 2
4425 14
4426 1
4427 1
4428 1
4429 2
4430 2
4431 3
4432 0
4433 4
4434 0
4435 2
4436 0
4437 12
4438 0
4439 1
4440 1
4441 10
4442 2
4443 3
4444 1
4445 17
4446 1
4447 2
4448 0
4449 19
4450 0
4451 1
4452 0
4453 6
4454 0
4455 3
4456 1
4457 3
4458 1
4459 2
4460 2
4461 15
4462 1
4463 1
4464 0
4465 10
4466 0
4467 3
4468 0
4469 17
4470 0
4471 2
4472 2
4473 4
4474 1
4475 1
4476 1
4477 3
4478 2
4479 3
4480 0
4481 4
4482 0
4483 2
4484 0
4485 10
4486 0
4487 1
4488 1
4489 2
4490 2
4491 3
4492 1
4493 9
4494 1
4495 2
4496 0
4497 7
4498 0
4499 1
4500 0
4501 5
4502 0
4503 3
4504 1
4505 13
4506 1
4507 2
4508 2
4509 16
4510 1
4511 1
4512 0
4513 4
4514 0
4515 3
4516 0
4517 7
4518 0
4519 2
4520 2
4521 11
4522 1
4523 1
4524 1
4525 4
4526 2
4527 3
4528 0
4529 8
4530 0
4531 2
4532 0
4533 6
4534 0
4535 1
4536 1
4537 7
4538 2
4539 3
4540 1
4541 5
4542 1
4543 2
4544 0
4545 3
4546 0
4547 1
4548 0
4549 5
4550 0
4551 3
4552 1
4553 4
4554 1
4555 2
4556 2
4557 14
4558 1
4559 1
4560 0
4561 9
4562 0
4563 3
4564 0
4565 6
4566 0
4567 2
4568 2
4569 10
4570 1
4571 1
4572 1
4573 18
4574 2
4575 3
4576 0
4577 12
4578 0
4579 2
4580 0
4581 8
4582 0
4583 1
4584 1
4585 2
4586 2
4587 3
4588 1
4589 14
4590 1
4591 2
4592 0
4593 4
4594 0
4595 1
4596 0
4597 5
4598 0
4599 3
4600 1
4601 4
4602 1
4603 2
4604 2
4605 3
4606 1
4607 1
4608 0
4609 11
4610 0
4611 3
4612 0
4613 6
4614 0
4615 2
4616 2
4617 3
4618 1
4619 1
4620 1
4621 9
4622 2
4623 3
4624 0
4625 6
4626 0
4627 2
4628 0
4629 13
4630 0
4631 1
4632 1
4633 9
4634 2
4635 3
4636 1
4637 11
4638 1
4639 2
4640 0
4641 18
4642 0
4643 1
4644 0
4645 6
4646 0
4647 3
4648 1
4649 3
4650 1
4651 2
4652 2
4653 6
4654 1
4655 1
4656 0
4657 10
4658 0
4659 3
4660 0
4661 4
4662 0
4663 2
4664 2
4665 12
4666 1
4667 1
4668 1
4669 5
4670 2
4671 3
4672 0
4673 6
4674 0
4675 2
4676 0
4677 14
4678 0
4679 1
4680 1
4681 11
4682 2
4683 3
4684 1
4685 6
4686 1
4687 2
4688 0
4689 10
4690 0
4691 1
4692 0
4693 6
4694 0
4695 3
4696 1
4697 7
4698 1
4699 2
4700 2
4701 8
4702 1
4703 1
4704 0
4705 12
4706 0
4707 3
4708 0
4709 3
4710 0
4711 2
4712 2
4713 9
4714 1
4715 1
4716 1
4717 2
4718 2
4719 3
4720 0
4721 5
4722 0
4723 2
4724 0
4725 13
4726 0
4727 1
4728 1
4729 3
4730 2
4731 3
4732 1
4733 11
4734 1
4735 2
4736 0
4737 3
4738 0
4739 1
4740 0
4741 6
4742 0
4743 3
4744 1
4745 7
4746 1
4747 2
4748 2
4749 15
4750 1
4751 1
4752 0
4753 9
4754 0
4755 3
4756 0
4757 14
4758 0
4759 2
4760 2
4761 5
4762 1
4763 1
4764 1
4765 7
4766 2
4767 3
4768 0
4769 19
4770 0
4771 2
4772 0
4773 9
4774 0
4775 1
4776 1
4777 2
4778 2
4779 3
4780 1
4781 5
4782 1
4783 2
4784 0
4785 13
4786 0
4787 1
4788 0
4789 3
4790 0
4791 3
4792 1
4793 8
4794 1
4795 2
4796 2
4797 10
4798 1
4799 1
4800 0
4801 15
4802 0
4803 3
4804 0
4805 14
4806 0
4807 2
4808 2
4809 16
4810 1
4811 1
4812 1
4813 7
4814 2
4815 3
4816 0
4817 10
4818 0
4819 2
4820 0
4821 11
4822 0
4823 1
4824 1
4825 6
4826 2
4827 3
4828 1
4829 12
4830 1
4831 2
4832 0
4833 9
4834 0
4835 1
4836 0
4837 2
4838 0
4839 3
4840 1
4841 9
4842 1
4843 2
4844 2
4845 18
4846 1
4847 1
4848 0
4849 2
4850 0
4851 3
4852 0
4853 11
4854 0
4855 2
4856 2
4857 5
4858 1
4859 1
4860 1
4861 4
4862 2
4863 3
4864 0
4865 3
4866 0
4867 2
4868 0
4869 8
4870 0
4871 1
4872 1
4873 6
4874 2
4875 3
4876 1
4877 13
4878 1
4879 2
4880 0
4881 8
4882 0
4883 1
4884 0
4885 14
4886 0
4887 3
4888 1
4889 18
4890 1
4891 2
4892 2
4893 6
4894 1
4895 1
4896 0
4897 2
4898 0
4899 3
4900 0
4901 4
4902 0
4903 2
4904 2
4905 11
4906 1
4907 1
4908 1
4909 5
4910 2
4911 3
4912 0
4913 9
4914 0
4915 2
4916 0
4917 12
4918 0
4919 1
4920 1
4921 15
4922 2
4923 3
4924 1
4925 7
4926 1
4927 2
4928 0
4929 15
4930 0
4931 1
4932 0
4933 16
4934 0
4935 3
4936 1
4937 12
4938 1
4939 2
4940 2
4941 8
4942 1
4943 1
4944 0
4945 19
4946 0
4947 3
4948 0
4949 17
4950 0
4951 2
4952 2
4953 9
4954 1
4955 1
4956 1
4957 2
4958 2
4959 3
4960 0
4961 8
4962 0
4963 2
4964 0
4965 9
4966 0
4967 1
4968 1
4969 2
4970 2
4971 3
4972 1
4973 10
4974 1
4975 2
4976 0
4977 11
4978 0
4979 1
4980 0
4981 4
4982 0
4983 3
4984 1
4985 6
4986 1
4987 2
4988 2
4989 5
4990 1
4991 1
4992 0
4993 17
4994 0
4995 3
4996 0
4997 7
4998 0
4999 2
5000 2
5001 8
5002 1
5003 1
5004 1
5005 7
5006 2
5007 3
5008 0
5009 12
5010 0
5011 2
5012 0
5013 15
5014 0
5015 1
5016 1
5017 2
5018 2
5019 3
5020 1
5021 16
5022 1
5023 2
5024 0
5025 10
5026 0
5027 1
5028 0
5029 2
5030 0
5031 3
5032 1
5033 13
5034 1
5035 2
5036 2
5037 14
5038 1
5039 1
5040 0
5041 15
5042 0
5043 3
5044 0
5045 11
5046 0
5047 2
5048 2
5049 14
5050 1
5051 1
5052 1
5053 16
5054 2
5055 3
5056 0
5057 14
5058 0
5059 2
5060 0
5061 9
5062 0
5063 1
5064 1
5065 3
5066 2
5067 3
5068 1
5069 8
5070 1
5071 2
5072 0
5073 17
5074 0
5075 1
5076 0
5077 2
5078 0
5079 3
5080 1
5081 10
5082 1
5083 2
5084 2
5085 15
5086 1
5087 1
5088 0
5089 20
5090 0
5091 3
5092 0
5093 15
5094 0
5095 2
5096 2
5097 5
5098 1
5099 1
5100 1
5101 7
5102 2
5103 3
5104 0
5105 10
5106 0
5107 2
5108 0
5109 16
5110 0
5111 1
5112 1
5113 17
5114 2
5115 3
5116 1
5117 19
5118 1
5119 2
5120 0
5121 4
5122 0
5123 1
5124 0
5125 14
5126 0
5127 3
5128 1
5129 7
5130 1
5131 2
5132 2
5133 6
5134 1
5135 1
5136 0
5137 16
5138 0
5139 3
5140 0
5141 9
5142 0
5143 2
5144 2
5145 15
5146 1
5147 1
5148 1
5149 11
5150 2
5151 3
5152 0
5153 7
5154 0
5155 2
5156 0
5157 12
5158 0
5159 1
5160 1
5161 6
5162 2
5163 3
5164 1
5165 12
5166 1
5167 2
5168 0
5169 13
5170 0
5171 1
5172 0
5173 6
5174 0
5175 3
5176 1
5177 18
5178 1
5179 2
5180 2
5181 4
5182 1
5183 1
5184 0
5185 2
5186 0
5187 3
5188 0
5189 18
5190 0
5191 2
5192 2
5193 9
5194 1
5195 1
5196 1
5197 2
5198 2
5199 3
5200 0
5201 10
5202 0
5203 2
5204 0
5205 4
5206 0
5207 1
5208 1
5209 10
5210 2
5211 3
5212 1
5213 14
5214 1
5215 2
5216 0
5217 20
5218 0
5219 1
5220 0
5221 14
5222 0
5223 3
5224 1
5225 13
5226 1
5227 2
5228 2
5229 3
5230 1
5231 1
5232 0
5233 4
5234 0
5235 3
5236 0
5237 3
5238 0
5239 2
5240 2
5241 19
5242 1
5243 1
5244 1
5245 2
5246 2
5247 3
5248 0
5249 3
5250 0
5251 2
5252 0
5253 6
5254 0
5255 1
5256 1
5257 2
5258 2
5259 3
5260 1
5261 5
5262 1
5263 2
5264 0
5265 9
5266 0
5267 1
5268 0
5269 3
5270 0
5271 3
5272 1
5273 4
5274 1
5275 2
5276 2
5277 7
5278 1
5279 1
5280 0
5281 5
5282 0
5283 3
5284 0
5285 4
5286 0
5287 2
5288 2
5289 16
5290 1
5291 1
5292 1
5293 12
5294 2
5295 3
5296 0
5297 17
5298 0
5299 2
5300 0
5301 15
5302 0
5303 1
5304 1
5305 2
5306 2
5307 3
5308 1
5309 3
5310 1
5311 2
5312 0
5313 4
5314 0
5315 1
5316 0
5317 2
5318 0
5319 3
5320 1
5321 11
5322 1
5323 2
5324 2
5325 10
5326 1
5327 1
5328 0
5329 5
5330 0
5331 3
5332 0
5333 6
5334 0
5335 2
5336 2
5337 16
5338 1
5339 1
5340 1
5341 9
5342 2
5343 3
5344 0
5345 14
5346 0
5347 2
5348 0
5349 8
5350 0
5351 1
5352 1
5353 4
5354 2
5355 3
5356 1
5357 16
5358 1
5359 2
5360 0
5361 9
5362 0
5363 1
5364 0
5365 2
5366 0
5367 3
5368 1
5369 12
5370 1
5371 2
5372 2
5373 9
5374 1
5375 1
5376 0
5377 2
5378 0
5379 3
5380 0
5381 13
5382 0
5383 2
5384 2
5385 14
5386 1
5387 1
5388 1
5389 15
5390 2
5391 3
5392 0
5393 4
5394 0
5395 2
5396 0
5397 8
5398 0
5399 1
5400 1
5401 17
5402 2
5403 3
5404 1
5405 4
5406 1
5407 2
5408 0
5409 8
5410 0
5411 1
5412 0
5413 6
5414 0
5415 3
5416 1
5417 18
5418 1
5419 2
5420 2
5421 10
5422 1
5423 1
5424 0
5425 6
5426 0
5427 3
5428 0
5429 3
5430 0
5431 2
5432 2
5433 9
5434 1
5435 1
5436 1
5437 2
5438 2
5439 3
5440 0
5441 11
5442 0
5443 2
5444 0
5445 16
5446 0
5447 1
5448 1
5449 7
5450 2
5451 3
5452 1
5453 11
5454 1
5455 2
5456 0
5457 12
5458 0
5459 1
5460 0
5461 3
5462 0
5463 3
5464 1
5465 13
5466 1
5467 2
5468 2
5469 7
5470 1
5471 1
5472 0
5473 15
5474 0
5475 3
5476 0
5477 16
5478 0
5479 2
5480 2
5481 15
5482 1
5483 1
5484 1
5485 13
5486 2
5487 3
5488 0
5489 3
5490 0
5491 2
5492 0
5493 5
5494 0
5495 1
5496 1
5497 7
5498 2
5499 3
5500 1
5501 9
5502 1
5503 2
5504 0
5505 13
5506 0
5507 1
5508 0
5509 12
5510 0
5511 3
5512 1
5513 14
5514 1
5515 2
5516 2
5517 12
5518 1
5519 1
5520 0
5521 11
5522 0
5523 3
5524 0
5525 7
5526 0
5527 2
5528 2
5529 15
5530 1
5531 1
5532 1
5533 13
5534 2
5535 3
5536 0
5537 18
5538 0
5539 2
5540 0
5541 17
5542 0
5543 1
5544 1
5545 4
5546 2
5547 3
5548 1
5549 15
5550 1
5551 2
5552 0
5553 20
5554 0
5555 1
5556 0
5557 7
5558 0
5559 3
5560 1
5561 8
5562 1
5563 2
5564 2
5565 11
5566 1
5567 1
5568 0
5569 10
5570 0
5571 3
5572 0
5573 9
5574 0
5575 2
5576 2
5577 3
5578 1
5579 1
5580 1
5581 8
5582 2
5583 3
5584 0
5585 14
5586 0
5587 2
5588 0
5589 8
5590 0
5591 1
5592 1
5593 14
5594 2
5595 3
5596 1
5597 19
5598 1
5599 2
5600 0
5601 5
5602 0
5603 1
5604 0
5605 16
5606 0
5607 3
5608 1
5609 7
5610 1
5611 2
5612 2
5613 17
5614 1
5615 1
5616 0
5617 11
5618 0
5619 3
5620 0
5621 4
5622 0
5623 2
5624 2
5625 18
5626 1
5627 1
5628 1
5629 5
5630 2
5631 3
5632 0
5633 8
5634 0
5635 2
5636 0
5637 14
5638 0
5639 1
5640 1
5641 4
5642 2
5643 3
5644 1
5645 12
5646 1
5647 2
5648 0
5649 5
5650 0
5651 1
5652 0
5653 16
5654 0
5655 3
5656 1
5657 8
5658 1
5659 2
5660 2
5661 9
5662 1
5663 1
5664 0
5665 6
5666 0
5667 3
5668 0
5669 13
5670 0
5671 2
5672 2
5673 10
5674 1
5675 1
5676 1
5677 18
5678 2
5679 3
5680 0
5681 9
5682 0
5683 2
5684 0
5685 15
5686 0
5687 1
5688 1
5689 7
5690 2
5691 3
5692 1
5693 4
5694 1
5695 2
5696 0
5697 3
5698 0
5699 1
5700 0
5701 17
5702 0
5703 3
5704 1
5705 6
5706 1
5707 2
5708 2
5709 17
5710 1
5711 1
5712 0
5713 2
5714 0
5715 3
5716 0
5717 8
5718 0
5719 2
5720 2
5721 9
5722 1
5723 1
5724 1
5725 12
5726 2
5727 3
5728 0
5729 8
5730 0
5731 2
5732 0
5733 4
5734 0
5735 1
5736 1
5737 11
5738 2
5739 3
5740 1
5741 10
5742 1
5743 2
5744 0
5745 6
5746 0
5747 1
5748 0
5749 3
5750 0
5751 3
5752 1
5753 13
5754 1
5755 2
5756 2
5757 6
5758 1
5759 1
5760 0
5761 18
5762 0
5763 3
5764 0
5765 9
5766 0
5767 2
5768 2
5769 3
5770 1
5771 1
5772 1
5773 4
5774 2
5775 3
5776 0
5777 6
5778 0
5779 2
5780 0
5781 5
5782 0
5783 1
5784 1
5785 17
5786 2
5787 3
5788 1
5789 3
5790 1
5791 2
5792 0
5793 10
5794 0
5795 1
5796 0
5797 11
5798 0
5799 3
5800 1
5801 5
5802 1
5803 2
5804 2
5805 14
5806 1
5807 1
5808 0
5809 2
5810 0
5811 3
5812 0
5813 4
5814 0
5815 2
5816 2
5817 7
5818 1
5819 1
5820 1
5821 8
5822 2
5823 3
5824 0
5825 13
5826 0
5827 2
5828 0
5829 16
5830 0
5831 1
5832 1
5833 6
5834 2
5835 3
5836 1
5837 9
5838 1
5839 2
5840 0
5841 5
5842 0
5843 1
5844 0
5845 7
5846 0
5847 3
5848 1
5849 10
5850 1
5851 2
5852 2
5853 4
5854 1
5855 1
5856 0
5857 18
5858 0
5859 3
5860 0
5861 14
5862 0
5863 2
5864 2
5865 6
5866 1
5867 1
5868 1
5869 11
5870 2
5871 3
5872 0
5873 16
5874 0
5875 2
5876 0
5877 7
5878 0
5879 1
5880 1
5881 14
5882 2
5883 3
5884 1
5885 15
5886 1
5887 2
5888 0
5889 7
5890 0
5891 1
5892 0
5893 4
5894 0
5895 3
5896 1
5897 10
5898 1
5899 2
5900 2
5901 4
5902 1
5903 1
5904 0
5905 2
5906 0
5907 3
5908 0
5909 5
5910 0
5911 2
5912 2
5913 6
5914 1
5915 1
5916 1
5917 8
5918 2
5919 3
5920 0
5921 4
5922 0
5923 2
5924 0
5925 6
5926 0
5927 1
5928 1
5929 3
5930 2
5931 3
5932 1
5933 9
5934 1
5935 2
5936 0
5937 13
5938 0
5939 1
5940 0
5941 16
5942 0
5943 3
5944 1
5945 13
5946 1
5947 2
5948 2
5949 11
5950 1
5951 1
5952 0
5953 14
5954 0
5955 3
5956 0
5957 11
5958 0
5959 2
5960 2
5961 17
5962 1
5963 1
5964 1
5965 7
5966 2
5967 3
5968 0
5969 5
5970 0
5971 2
5972 0
5973 7
5974 0
5975 1
5976 1
5977 13
5978 2
5979 3
5980 1
5981 15
5982 1
5983 2
5984 0
5985 6
5986 0
5987 1
5988 0
5989 12
5990 0
5991 3
5992 1
5993 8
5994 1
5995 2
5996 2
5997 3
5998 1
5999 1
6000 0
6001 9
6002 0
6003 3
6004 0
6005 7
6006 0
6007 2
6008 2
6009 3
6010 1
6011 1
6012 1
6013 12
6014 2
6015 3
6016 0
6017 20
6018 0
6019 2
6020 0
6021 10
6022 0
6023 1
6024 1
6025 2
6026 2
6027 3
6028 1
6029 17
6030 1
6031 2
6032 0
6033 10
6034 0
6035 1
6036 0
6037 17
6038 0
6039 3
6040 1
6041 11
6042 1
6043 2
6044 2
6045 14
6046 1
6047 1
6048 0
6049 16
6050 0
6051 3
6052 0
6053 9
6054 0
6055 2
6056 2
6057 16
6058 1
6059 1
6060 1
6061 5
6062 2
6063 3
6064 0
6065 14
6066 0
6067 2
6068 0
6069 3
6070 0
6071 1
6072 1
6073 11
6074 2
6075 3
6076 1
6077 10
6078 1
6079 2
6080 0
6081 5
6082 0
6083 1
6084 0
6085 13
6086 0
6087 3
6088 1
6089 17
6090 1
6091 2
6092 2
6093 6
6094 1
6095 1
6096 0
6097 12
6098 0
6099 3
6100 0
6101 3
6102 0
6103 2
6104 2
6105 9
6106 1
6107 1
6108 1
6109 2
6110 2
6111 3
6112 0
6113 6
6114 0
6115 2
6116 0
6117 12
6118 0
6119 1
6120 1
6121 17
6122 2
6123 3
6124 1
6125 16
6126 1
6127 2
6128 0
6129 5
6130 0
6131 1
6132 0
6133 9
6134 0
6135 3
6136 1
6137 10
6138 1
6139 2
6140 2
6141 17
6142 1
6143 1
6144 0
6145 12
6146 0
6147 3
6148 0
6149 18
6150 0
6151 2
6152 2
6153 14
6154 1
6155 1
6156 1
6157 3
6158 2
6159 3
6160 0
6161 4
6162 0
6163 2
6164 0
6165 11
6166 0
6167 1
6168 1
6169 8
6170 2
6171 3
6172 1
6173 12
6174 1
6175 2
6176 0
6177 3
6178 0
6179 1
6180 0
6181 15
6182 0
6183 3
6184 1
6185 16
6186 1
6187 2
6188 2
6189 5
6190 1
6191 1
6192 0
6193 9
6194 0
6195 3
6196 0
6197 3
6198 0
6199 2
6200 2
6201 19
6202 1
6203 1
6204 1
6205 6
6206 2
6207 3
6208 0
6209 5
6210 0
6211 2
6212 0
6213 10
6214 0
6215 1
6216 1
6217 5
6218 2
6219 3
6220 1
6221 13
6222 1
6223 2
6224 0
6225 9
6226 0
6227 1
6228 0
6229 15
6230 0
6231 3
6232 1
6233 4
6234 1
6235 2
6236 2
6237 3
6238 1
6239 1
6240 0
6241 4
6242 0
6243 3
6244 0
6245 9
6246 0
6247 2
6248 2
6249 5
6250 1
6251 1
6252 1
6253 17
6254 2
6255 3
6256 0
6257 14
6258 0
6259 2
6260 0
6261 18
6262 0
6263 1
6264 1
6265 9
6266 2
6267 3
6268 1
6269 15
6270 1
6271 2
6272 0
6273 4
6274 0
6275 1
6276 0
6277 11
6278 0
6279 3
6280 1
6281 4
6282 1
6283 2
6284 2
6285 18
6286 1
6287 1
6288 0
6289 8
6290 0
6291 3
6292 0
6293 13
6294 0
6295 2
6296 2
6297 16
6298 1
6299 1
6300 1
6301 10
6302 2
6303 3
6304 0
6305 13
6306 0
6307 2
6308 0
6309 10
6310 0
6311 1
6312 1
6313 4
6314 2
6315 3
6316 1
6317 7
6318 1
6319 2
6320 0
6321 8
6322 0
6323 1
6324 0
6325 11
6326 0
6327 3
6328 1
6329 10
6330 1
6331 2
6332 2
6333 13
6334 1
6335 1
6336 0
6337 19
6338 0
6339 3
6340 0
6341 5
6342 0
6343 2
6344 2
6345 12
6346 1
6347 1
6348 1
6349 3
6350 2
6351 3
6352 0
6353 4
6354 0
6355 2
6356 0
6357 15
6358 0
6359 1
6360 1
6361 6
6362 2
6363 3
6364 1
6365 16
6366 1
6367 2
6368 0
6369 18
6370 0
6371 1
6372 0
6373 17
6374 0
6375 3
6376 1
6377 12
6378 1
6379 2
6380 2
6381 11
6382 1
6383 1
6384 0
6385 7
6386 0
6387 3
6388 0
6389 5
6390 0
6391 2
6392 2
6393 4
6394 1
6395 1
6396 1
6397 18
6398 2
6399 3
6400 0
6401 5
6402 0
6403 2
6404 0
6405 6
6406 0
6407 1
6408 1
6409 19
6410 2
6411 3
6412 1
6413 16
6414 1
6415 2
6416 0
6417 3
6418 0
6419 1
6420 0
6421 17
6422 0
6423 3
6424 1
6425 12
6426 1
6427 2
6428 2
6429 14
6430 1
6431 1
6432 0
6433 17
6434 0
6435 3
6436 0
6437 7
6438 0
6439 2
6440 2
6441 19
6442 1
6443 1
6444 1
6445 6
6446 2
6447 3
6448 0
6449 10
6450 0
6451 2
6452 0
6453 15
6454 0
6455 1
6456 1
6457 20
6458 2
6459 3
6460 1
6461 11
6462 1
6463 2
6464 0
6465 6
6466 0
6467 1
6468 0
6469 7
6470 0
6471 3
6472 1
6473 13
6474 1
6475 2
6476 2
6477 6
6478 1
6479 1
6480 0
6481 7
6482 0
6483 3
6484 0
6485 16
6486 0
6487 2
6488 2
6489 14
6490 1
6491 1
6492 1
6493 10
6494 2
6495 3
6496 0
6497 3
6498 0
6499 2
6500 0
6501 17
6502 0
6503 1
6504 1
6505 12
6506 2
6507 3
6508 1
6509 15
6510 1
6511 2
6512 0
6513 11
6514 0
6515 1
6516 0
6517 6
6518 0
6519 3
6520 1
6521 8
6522 1
6523 2
6524 2
6525 6
6526 1
6527 1
6528 0
6529 2
6530 0
6531 3
6532 0
6533 4
6534 0
6535 2
6536 2
6537 3
6538 1
6539 1
6540 1
6541 13
6542 2
6543 3
6544 0
6545 9
6546 0
6547 2
6548 0
6549 12
6550 0
6551 1
6552 1
6553 11
6554 2
6555 3
6556 1
6557 12
6558 1
6559 2
6560 0
6561 14
6562 0
6563 1
6564 0
6565 16
6566 0
6567 3
6568 1
6569 18
6570 1
6571 2
6572 2
6573 4
6574 1
6575 1
6576 0
6577 2
6578 0
6579 3
6580 0
6581 8
6582 0
6583 2
6584 2
6585 4
6586 1
6587 1
6588 1
6589 16
6590 2
6591 3
6592 0
6593 6
6594 0
6595 2
6596 0
6597 13
6598 0
6599 1
6600 1
6601 5
6602 2
6603 3
6604 1
6605 10
6606 1
6607 2
6608 0
6609 19
6610 0
6611 1
6612 0
6613 4
6614 0
6615 3
6616 1
6617 7
6618 1
6619 2
6620 2
6621 15
6622 1
6623 1
6624 0
6625 13
6626 0
6627 3
6628 0
6629 5
6630 0
6631 2
6632 2
6633 6
6634 1
6635 1
6636 1
6637 2
6638 2
6639 3
6640 0
6641 5
6642 0
6643 2
6644 0
6645 13
6646 0
6647 1
6648 1
6649 8
6650 2
6651 3
6652 1
6653 4
6654 1
6655 2
6656 0
6657 7
6658 0
6659 1
6660 0
6661 4
6662 0
6663 3
6664 1
6665 6
6666 1
6667 2
6668 2
6669 17
6670 1
6671 1
6672 0
6673 13
6674 0
6675 3
6676 0
6677 12
6678 0
6679 2
6680 2
6681 17
6682 1
6683 1
6684 1
6685 20
6686 2
6687 3
6688 0
6689 11
6690 0
6691 2
6692 0
6693 4
6694 0
6695 1
6696 1
6697 2
6698 2
6699 3
6700 1
6701 19
6702 1
6703 2
6704 0
6705 12
6706 0
6707 1
6708 0
6709 17
6710 0
6711 3
6712 1
6713 11
6714 1
6715 2
6716 2
6717 3
6718 1
6719 1
6720 0
6721 10
6722 0
6723 3
6724 0
6725 6
6726 0
6727 2
6728 2
6729 3
6730 1
6731 1
6732 1
6733 4
6734 2
6735 3
6736 0
6737 3
6738 0
6739 2
6740 0
6741 4
6742 0
6743 1
6744 1
6745 2
6746 2
6747 3
6748 1
6749 5
6750 1
6751 2
6752 0
6753 6
6754 0
6755 1
6756 0
6757 8
6758 0
6759 3
6760 1
6761 5
6762 1
6763 2
6764 2
6765 13
6766 1
6767 1
6768 0
6769 5
6770 0
6771 3
6772 0
6773 4
6774 0
6775 2
6776 2
6777 10
6778 1
6779 1
6780 1
6781 5
6782 2
6783 3
6784 0
6785 13
6786 0
6787 2
6788 0
6789 12
6790 0
6791 1
6792 1
6793 15
6794 2
6795 3
6796 1
6797 7
6798 1
6799 2
6800 0
6801 17
6802 0
6803 1
6804 0
6805 11
6806 0
6807 3
6808 1
6809 7
6810 1
6811 2
6812 2
6813 4
6814 1
6815 1
6816 0
6817 18
6818 0
6819 3
6820 0
6821 20
6822 0
6823 2
6824 2
6825 10
6826 1
6827 1
6828 1
6829 2
6830 2
6831 3
6832 0
6833 12
6834 0
6835 2
6836 0
6837 14
6838 0
6839 1
6840 1
6841 5
6842 2
6843 3
6844 1
6845 11
6846 1
6847 2
6848 0
6849 7
6850 0
6851 1
6852 0
6853 4
6854 0
6855 3
6856 1
6857 3
6858 1
6859 2
6860 2
6861 19
6862 1
6863 1
6864 0
6865 16
6866 0
6867 3
6868 0
6869 15
6870 0
6871 2
6872 2
6873 18
6874 1
6875 1
6876 1
6877 2
6878 2
6879 3
6880 0
6881 4
6882 0
6883 2
6884 0
6885 12
6886 0
6887 1
6888 1
6889 3
6890 2
6891 3
6892 1
6893 4
6894 1
6895 2
6896 0
6897 15
6898 0
6899 1
6900 0
6901 18
6902 0
6903 3
6904 1
6905 6
6906 1
6907 2
6908 2
6909 14
6910 1
6911 1
6912 0
6913 8
6914 0
6915 3
6916 0
6917 12
6918 0
6919 2
6920 2
6921 15
6922 1
6923 1
6924 1
6925 7
6926 2
6927 3
6928 0
6929 3
6930 0
6931 2
6932 0
6933 16
6934 0
6935 1
6936 1
6937 2
6938 2
6939 3
6940 1
6941 19
6942 1
6943 2
6944 0
6945 6
6946 0
6947 1
6948 0
6949 5
6950 0
6951 3
6952 1
6953 10
6954 1
6955 2
6956 2
6957 7
6958 1
6959 1
6960 0
6961 4
6962 0
6963 3
6964 0
6965 6
6966 0
6967 2
6968 2
6969 8
6970 1
6971 1
6972 1
6973 12
6974 2
6975 3
6976 0
6977 7
6978 0
6979 2
6980 0
6981 10
6982 0
6983 1
6984 1
6985 2
6986 2
6987 3
6988 1
6989 5
6990 1
6991 2
6992 0
6993 11
6994 0
6995 1
6996 0
6997 2
6998 0
6999 3
7000 1
7001 4
7002 1
7003 2
7004 2
7005 16
7006 1
7007 1
7008 0
7009 5
7010 0
7011 3
7012 0
7013 13
7014 0
7015 2
7016 2
7017 15
7018 1
7019 1
7020 1
7021 5
7022 2
7023 3
7024 0
7025 15
7026 0
7027 2
7028 0
7029 17
7030 0
7031 1
7032 1
7033 13
7034 2
7035 3
7036 1
7037 8
7038 1
7039 2
7040 0
7041 4
7042 0
7043 1
7044 0
7045 2
7046 0
7047 3
7048 1
7049 11
7050 1
7051 2
7052 2
7053 9
7054 1
7055 1
7056 0
7057 2
7058 0
7059 3
7060 0
7061 6
7062 0
7063 2
7064 2
7065 10
7066 1
7067 1
7068 1
7069 3
7070 2
7071 3
7072 0
7073 7
7074 0
7075 2
7076 0
7077 10
7078 0
7079 1
7080 1
7081 11
7082 2
7083 3
7084 1
7085 6
7086 1
7087 2
7088 0
7089 8
7090 0
7091 1
7092 0
7093 16
7094 0
7095 3
7096 1
7097 12
7098 1
7099 2
7100 2
7101 15
7102 1
7103 1
7104 0
7105 18
7106 0
7107 3
7108 0
7109 19
7110 0
7111 2
7112 2
7113 9
7114 1
7115 1
7116 1
7117 2
7118 2
7119 3
7120 0
7121 14
7122 0
7123 2
7124 0
7125 13
7126 0
7127 1
7128 1
7129 19
7130 2
7131 3
7132 1
7133 6
7134 1
7135 2
7136 0
7137 12
7138 0
7139 1
7140 0
7141 5
7142 0
7143 3
7144 1
7145 14
7146 1
7147 2
7148 2
7149 19
7150 1
7151 1
7152 0
7153 10
7154 0
7155 3
7156 0
7157 19
7158 0
7159 2
7160 2
7161 20
7162 1
7163 1
7164 1
7165 6
7166 2
7167 3
7168 0
7169 13
7170 0
7171 2
7172 0
7173 15
7174 0
7175 1
7176 1
7177 2
7178 2
7179 3
7180 1
7181 16
7182 1
7183 2
7184 0
7185 9
7186 0
7187 1
7188 0
7189 18
7190 0
7191 3
7192 1
7193 5
7194 1
7195 2
7196 2
7197 17
7198 1
7199 1
7200 0
7201 4
7202 0
7203 3
7204 0
7205 14
7206 0
7207 2
7208 2
7209 8
7210 1
7211 1
7212 1
7213 6
7214 2
7215 3
7216 0
7217 3
7218 0
7219 2
7220 0
7221 11
7222 0
7223 1
7224 1
7225 7
7226 2
7227 3
7228 1
7229 8
7230 1
7231 2
7232 0
7233 4
7234 0
7235 1
7236 0
7237 7
7238 0
7239 3
7240 1
7241 10
7242 1
7243 2
7244 2
7245 19
7246 1
7247 1
7248 0
7249 10
7250 0
7251 3
7252 0
7253 13
7254 0
7255 2
7256 2
7257 18
7258 1
7259 1
7260 1
7261 11
7262 2
7263 3
7264 0
7265 17
7266 0
7267 2
7268 0
7269 5
7270 0
7271 1
7272 1
7273 4
7274 2
7275 3
7276 1
7277 16
7278 1
7279 2
7280 0
7281 18
7282 0
7283 1
7284 0
7285 2
7286 0
7287 3
7288 1
7289 10
7290 1
7291 2
7292 2
7293 11
7294 1
7295 1
7296 0
7297 6
7298 0
7299 3
7300 0
7301 9
7302 0
7303 2
7304 2
7305 16
7306 1
7307 1
7308 1
7309 5
7310 2
7311 3
7312 0
7313 4
7314 0
7315 2
7316 0
7317 19
7318 0
7319 1
7320 1
7321 5
7322 2
7323 3
7324 1
7325 18
7326 1
7327 2
7328 0
7329 19
7330 0
7331 1
7332 0
7333 14
7334 0
7335 3
7336 1
7337 10
7338 1
7339 2
7340 2
7341 5
7342 1
7343 1
7344 0
7345 7
7346 0
7347 3
7348 0
7349 17
7350 0
7351 2
7352 2
7353 4
7354 1
7355 1
7356 1
7357 2
7358 2
7359 3
7360 0
7361 5
7362 0
7363 2
7364 0
7365 14
7366 0
7367 1
7368 1
7369 17
7370 2
7371 3
7372 1
7373 14
7374 1
7375 2
7376 0
7377 3
7378 0
7379 1
7380 0
7381 17
7382 0
7383 3
7384 1
7385 9
7386 1
7387 2
7388 2
7389 12
7390 1
7391 1
7392 0
7393 4
7394 0
7395 3
7396 0
7397 9
7398 0
7399 2
7400 2
7401 3
7402 1
7403 1
7404 1
7405 6
7406 2
7407 3
7408 0
7409 3
7410 0
7411 2
7412 0
7413 6
7414 0
7415 1
7416 1
7417 10
7418 2
7419 3
7420 1
7421 20
7422 1
7423 2
7424 0
7425 11
7426 0
7427 1
7428 0
7429 3
7430 0
7431 3
7432 1
7433 18
7434 1
7435 2
7436 2
7437 13
7438 1
7439 1
7440 0
7441 15
7442 0
7443 3
7444 0
7445 11
7446 0
7447 2
7448 2
7449 3
7450 1
7451 1
7452 1
7453 20
7454 2
7455 3
7456 0
7457 8
7458 0
7459 2
7460 0
7461 10
7462 0
7463 1
7464 1
7465 2
7466 2
7467 3
7468 1
7469 5
7470 1
7471 2
7472 0
7473 9
7474 0
7475 1
7476 0
7477 12
7478 0
7479 3
7480 1
7481 13
7482 1
7483 2
7484 2
7485 17
7486 1
7487 1
7488 0
7489 15
7490 0
7491 3
7492 0
7493 9
7494 0
7495 2
7496 2
7497 16
7498 1
7499 1
7500 1
7501 18
7502 2
7503 3
7504 0
7505 4
7506 0
7507 2
7508 0
7509 7
7510 0
7511 1
7512 1
7513 20
7514 2
7515 3
7516 1
7517 3
7518 1
7519 2
7520 0
7521 5
7522 0
7523 1
7524 0
7525 16
7526 0
7527 3
7528 1
7529 11
7530 1
7531 2
7532 2
7533 20
7534 1
7535 1
7536 0
7537 8
7538 0
7539 3
7540 0
7541 10
7542 0
7543 2
7544 2
7545 12
7546 1
7547 1
7548 1
7549 5
7550 2
7551 3
7552 0
7553 12
7554 0
7555 2
7556 0
7557 17
7558 0
7559 1
7560 1
7561 19
7562 2
7563 3
7564 1
7565 8
7566 1
7567 2
7568 0
7569 10
7570 0
7571 1
7572 0
7573 16
7574 0
7575 3
7576 1
7577 8
7578 1
7579 2
7580 2
7581 5
7582 1
7583 1
7584 0
7585 3
7586 0
7587 3
7588 0
7589 7
7590 0
7591 2
7592 2
7593 13
7594 1
7595 1
7596 1
7597 7
7598 2
7599 3
7600 0
7601 5
7602 0
7603 2
7604 0
7605 19
7606 0
7607 1
7608 1
7609 14
7610 2
7611 3
7612 1
7613 13
7614 1
7615 2
7616 0
7617 10
7618 0
7619 1
7620 0
7621 16
7622 0
7623 3
7624 1
7625 18
7626 1
7627 2
7628 2
7629 15
7630 1
7631 1
7632 0
7633 9
7634 0
7635 3
7636 0
7637 18
7638 0
7639 2
7640 2
7641 14
7642 1
7643 1
7644 1
7645 13
7646 2
7647 3
7648 0
7649 8
7650 0
7651 2
7652 0
7653 11
7654 0
7655 1
7656 1
7657 19
7658 2
7659 3
7660 1
7661 15
7662 1
7663 2
7664 0
7665 6
7666 0
7667 1
7668 0
7669 8
7670 0
7671 3
7672 1
7673 9
7674 1
7675 2
7676 2
7677 7
7678 1
7679 1
7680 0
7681 12
7682 0
7683 3
7684 0
7685 6
7686 0
7687 2
7688 2
7689 5
7690 1
7691 1
7692 1
7693 4
7694 2
7695 3
7696 0
7697 10
7698 0
7699 2
7700 0
7701 19
7702 0
7703 1
7704 1
7705 2
7706 2
7707 3
7708 1
7709 3
7710 1
7711 2
7712 0
7713 5
7714 0
7715 1
7716 0
7717 2
7718 0
7719 3
7720 1
7721 4
7722 1
7723 2
7724 2
7725 20
7726 1
7727 1
7728 0
7729 21
7730 0
7731 3
7732 0
7733 13
7734 0
7735 2
7736 2
7737 15
7738 1
7739 1
7740 1
7741 11
7742 2
7743 3
7744 0
7745 6
7746 0
7747 2
7748 0
7749 14
7750 0
7751 1
7752 1
7753 9
7754 2
7755 3
7756 1
7757 6
7758 1
7759 2
7760 0
7761 11
7762 0
7763 1
7764 0
7765 20
7766 0
7767 3
7768 1
7769 10
7770 1
7771 2
7772 2
7773 19
7774 1
7775 1
7776 0
7777 16
7778 0
7779 3
7780 0
7781 9
7782 0
7783 2
7784 2
7785 17
7786 1
7787 1
7788 1
7789 7
7790 2
7791 3
7792 0
7793 14
7794 0
7795 2
7796 0
7797 12
7798 0
7799 1
7800 1
7801 8
7802 2
7803 3
7804 1
7805 4
7806 1
7807 2
7808 0
7809 20
7810 0
7811 1
7812 0
7813 9
7814 0
7815 3
7816 1
7817 7
7818 1
7819 2
7820 2
7821 21
7822 1
7823 1
7824 0
7825 14
7826 0
7827 3
7828 0
7829 12
7830 0
7831 2
7832 2
7833 9
7834 1
7835 1
7836 1
7837 18
7838 2
7839 3
7840 0
7841 5
7842 0
7843 2
7844 0
7845 10
7846 0
7847 1
7848 1
7849 12
7850 2
7851 3
7852 1
7853 6
7854 1
7855 2
7856 0
7857 3
7858 0
7859 1
7860 0
7861 5
7862 0
7863 3
7864 1
7865 13
7866 1
7867 2
7868 2
7869 16
7870 1
7871 1
7872 0
7873 15
7874 0
7875 3
7876 0
7877 3
7878 0
7879 2
7880 2
7881 5
7882 1
7883 1
7884 1
7885 7
7886 2
7887 3
7888 0
7889 11
7890 0
7891 2
7892 0
7893 16
7894 0
7895 1
7896 1
7897 10
7898 2
7899 3
7900 1
7901 5
7902 1
7903 2
7904 0
7905 6
7906 0
7907 1
7908 0
7909 18
7910 0
7911 3
7912 1
7913 14
7914 1
7915 2
7916 2
7917 11
7918 1
7919 1
7920 0
7921 4
7922 0
7923 3
7924 0
7925 13
7926 0
7927 2
7928 2
7929 7
7930 1
7931 1
7932 1
7933 6
7934 2
7935 3
7936 0
7937 21
7938 0
7939 2
7940 0
7941 15
7942 0
7943 1
7944 1
7945 6
7946 2
7947 3
7948 1
7949 10
7950 1
7951 2
7952 0
7953 8
7954 0
7955 1
7956 0
7957 20
7958 0
7959 3
7960 1
7961 4
7962 1
7963 2
7964 2
7965 6
7966 1
7967 1
7968 0
7969 20
7970 0
7971 3
7972 0
7973 19
7974 0
7975 2
7976 2
7977 7
7978 1
7979 1
7980 1
7981 4
7982 2
7983 3
7984 0
7985 17
7986 0
7987 2
7988 0
7989 18
7990 0
7991 1
7992 1
7993 9
7994 2
7995 3
7996 1
7997 13
7998 1
7999 2
8000 0
8001 16
8002 0
8003 1
8004 0
8005 21
8006 0
8007 3
8008 1
8009 3
8010 1
8011 2
8012 2
8013 15
8014 1
8015 1
8016 0
8017 13
8018 0
8019 3
8020 0
8021 5
8022 0
8023 2
8024 2
8025 6
8026 1
8027 1
8028 1
8029 3
8030 2
8031 3
8032 0
8033 21
8034 0
8035 2
8036 0
8037 8
8038 0
8039 1
8040 1
8041 3
8042 2
8043 3
8044 1
8045 15
8046 1
8047 2
8048 0
8049 5
8050 0
8051 1
8052 0
8053 9
8054 0
8055 3
8056 1
8057 10
8058 1
8059 2
8060 2
8061 3
8062 1
8063 1
8064 0
8065 2
8066 0
8067 3
8068 0
8069 5
8070 0
8071 2
8072 2
8073 17
8074 1
8075 1
8076 1
8077 10
8078 2
8079 3
8080 0
8081 5
8082 0
8083 2
8084 0
8085 4
8086 0
8087 1
8088 1
8089 12
8090 2
8091 3
8092 1
8093 11
8094 1
8095 2
8096 0
8097 12
8098 0
8099 1
8100 0
8101 14
8102 0
8103 3
8104 1
8105 15
8106 1
8107 2
8108 2
8109 5
8110 1
8111 1
8112 0
8113 16
8114 0
8115 3
8116 0
8117 8
8118 0
8119 2
8120 2
8121 19
8122 1
8123 1
8124 1
8125 13
8126 2
8127 3
8128 0
8129 19
8130 0
8131 2
8132 0
8133 9
8134 0
8135 1
8136 1
8137 2
8138 2
8139 3
8140 1
8141 14
8142 1
8143 2
8144 0
8145 8
8146 0
8147 1
8148 0
8149 17
8150 0
8151 3
8152 1
8153 14
8154 1
8155 2
8156 2
8157 7
8158 1
8159 1
8160 0
8161 4
8162 0
8163 3
8164 0
8165 9
8166 0
8167 2
8168 2
8169 3
8170 1
8171 1
8172 1
8173 6
8174 2
8175 3
8176 0
8177 13
8178 0
8179 2
8180 0
8181 20
8182 0
8183 1
8184 1
8185 9
8186 2
8187 3
8188 1
8189 5
8190 1
8191 2
8192 0
8193 17
8194 0
8195 1
8196 0
8197 8
8198 0
8199 3
8200 1
8201 11
8202 1
8203 2
8204 2
8205 7
8206 1
8207 1
8208 0
8209 3
8210 0
8211 3
8212 0
8213 7
8214 0
8215 2
8216 2
8217 12
8218 1
8219 1
8220 1
8221 3
8222 2
8223 3
8224 0
8225 9
8226 0
8227 2
8228 0
8229 10
8230 0
8231 1
8232 1
8233 20
8234 2
8235 3
8236 1
8237 16
8238 1
8239 2
8240 0
8241 19
8242 0
8243 1
8244 0
8245 2
8246 0
8247 3
8248 1
8249 18
8250 1
8251 2
8252 2
8253 9
8254 1
8255 1
8256 0
8257 18
8258 0
8259 3
8260 0
8261 10
8262 0
8263 2
8264 2
8265 16
8266 1
8267 1
8268 1
8269 8
8270 2
8271 3
8272 0
8273 11
8274 0
8275 2
8276 0
8277 15
8278 0
8279 1
8280 1
8281 7
8282 2
8283 3
8284 1
8285 13
8286 1
8287 2
8288 0
8289 18
8290 0
8291 1
8292 0
8293 11
8294 0
8295 3
8296 1
8297 12
8298 1
8299 2
8300 2
8301 9
8302 1
8303 1
8304 0
8305 10
8306 0
8307 3
8308 0
8309 5
8310 0
8311 2
8312 2
8313 13
8314 1
8315 1
8316 1
8317 8
8318 2
8319 3
8320 0
8321 9
8322 0
8323 2
8324 0
8325 7
8326 0
8327 1
8328 1
8329 5
8330 2
8331 3
8332 1
8333 14
8334 1
8335 2
8336 0
8337 18
8338 0
8339 1
8340 0
8341 12
8342 0
8343 3
8344 1
8345 13
8346 1
8347 2
8348 2
8349 17
8350 1
8351 1
8352 0
8353 11
8354 0
8355 3
8356 0
8357 13
8358 0
8359 2
8360 2
8361 18
8362 1
8363 1
8364 1
8365 12
8366 2
8367 3
8368 0
8369 18
8370 0
8371 2
8372 0
8373 15
8374 0
8375 1
8376 1
8377 14
8378 2
8379 3
8380 1
8381 11
8382 1
8383 2
8384 0
8385 6
8386 0
8387 1
8388 0
8389 8
8390 0
8391 3
8392 1
8393 10
8394 1
8395 2
8396 2
8397 8
8398 1
8399 1
8400 0
8401 21
8402 0
8403 3
8404 0
8405 6
8406 0
8407 2
8408 2
8409 8
8410 1
8411 1
8412 1
8413 19
8414 2
8415 3
8416 0
8417 15
8418 0
8419 2
8420 0
8421 19
8422 0
8423 1
8424 1
8425 2
8426 2
8427 3
8428 1
8429 8
8430 1
8431 2
8432 0
8433 19
8434 0
8435 1
8436 0
8437 3
8438 0
8439 3
8440 1
8441 15
8442 1
8443 2
8444 2
8445 6
8446 1
8447 1
8448 0
8449 8
8450 0
8451 3
8452 0
8453 13
8454 0
8455 2
8456 2
8457 16
8458 1
8459 1
8460 1
8461 9
8462 2
8463 3
8464 0
8465 6
8466 0
8467 2
8468 0
8469 21
8470 0
8471 1
8472 1
8473 9
8474 2
8475 3
8476 1
8477 18
8478 1
8479 2
8480 0
8481 12
8482 0
8483 1
8484 0
8485 9
8486 0
8487 3
8488 1
8489 19
8490 1
8491 2
8492 2
8493 9
8494 1
8495 1
8496 0
8497 13
8498 0
8499 3
8500 0
8501 17
8502 0
8503 2
8504 2
8505 3
8506 1
8507 1
8508 1
8509 7
8510 2
8511 3
8512 0
8513 10
8514 0
8515 2
8516 0
8517 14
8518 0
8519 1
8520 1
8521 11
8522 2
8523 3
8524 1
8525 14
8526 1
8527 2
8528 0
8529 5
8530 0
8531 1
8532 0
8533 2
8534 0
8535 3
8536 1
8537 8
8538 1
8539 2
8540 2
8541 16
8542 1
8543 1
8544 0
8545 2
8546 0
8547 3
8548 0
8549 3
8550 0
8551 2
8552 2
8553 15
8554 1
8555 1
8556 1
8557 13
8558 2
8559 3
8560 0
8561 11
8562 0
8563 2
8564 0
8565 4
8566 0
8567 1
8568 1
8569 5
8570 2
8571 3
8572 1
8573 4
8574 1
8575 2
8576 0
8577 3
8578 0
8579 1
8580 0
8581 15
8582 0
8583 3
8584 1
8585 12
8586 1
8587 2
8588 2
8589 3
8590 1
8591 1
8592 0
8593 14
8594 0
8595 3
8596 0
8597 17
8598 0
8599 2
8600 2
8601 5
8602 1
8603 1
8604 1
8605 12
8606 2
8607 3
8608 0
8609 9
8610 0
8611 2
8612 0
8613 4
8614 0
8615 1
8616 1
8617 7
8618 2
8619 3
8620 1
8621 14
8622 1
8623 2
8624 0
8625 21
8626 0
8627 1
8628 0
8629 3
8630 0
8631 3
8632 1
8633 16
8634 1
8635 2
8636 2
8637 7
8638 1
8639 1
8640 0
8641 5
8642 0
8643 3
8644 0
8645 10
8646 0
8647 2
8648 2
8649 5
8650 1
8651 1
8652 1
8653 4
8654 2
8655 3
8656 0
8657 16
8658 0
8659 2
8660 0
8661 12
8662 0
8663 1
8664 1
8665 13
8666 2
8667 3
8668 1
8669 15
8670 1
8671 2
8672 0
8673 20
8674 0
8675 1
8676 0
8677 21
8678 0
8679 3
8680 1
8681 6
8682 1
8683 2
8684 2
8685 20
8686 1
8687 1
8688 0
8689 17
8690 0
8691 3
8692 0
8693 4
8694 0
8695 2
8696 2
8697 18
8698 1
8699 1
8700 1
8701 21
8702 2
8703 3
8704 0
8705 13
8706 0
8707 2
8708 0
8709 8
8710 0
8711 1
8712 1
8713 6
8714 2
8715 3
8716 1
8717 13
8718 1
8719 2
8720 0
8721 17
8722 0
8723 1
8724 0
8725 6
8726 0
8727 3
8728 1
8729 17
8730 1
8731 2
8732 2
8733 20
8734 1
8735 1
8736 0
8737 2
8738 0
8739 3
8740 0
8741 8
8742 0
8743 2
8744 2
8745 18
8746 1
8747 1
8748 1
8749 3
8750 2
8751 3
8752 0
8753 19
8754 0
8755 2
8756 0
8757 18
8758 0
8759 1
8760 1
8761 14
8762 2
8763 3
8764 1
8765 16
8766 1
8767 2
8768 0
8769 22
8770 0
8771 1
8772 0
8773 13
8774 0
8775 3
8776 1
8777 7
8778 1
8779 2
8780 2
8781 8
8782 1
8783 1
8784 0
8785 4
8786 0
8787 3
8788 0
8789 3
8790 0
8791 2
8792 2
8793 6
8794 1
8795 1
8796 1
8797 7
8798 2
8799 3
8800 0
8801 19
8802 0
8803 2
8804 0
8805 16
8806 0
8807 1
8808 1
8809 3
8810 2
8811 3
8812 1
8813 8
8814 1
8815 2
8816 0
8817 12
8818 0
8819 1
8820 0
8821 5
8822 0
8823 3
8824 1
8825 15
8826 1
8827 2
8828 2
8829 12
8830 1
8831 1
8832 0
8833 11
8834 0
8835 3
8836 0
8837 8
8838 0
8839 2
8840 2
8841 4
8842 1
8843 1
8844 1
8845 7
8846 2
8847 3
8848 0
8849 17
8850 0
8851 2
8852 0
8853 20
8854 0
8855 1
8856 1
8857 8
8858 2
8859 3
8860 1
8861 16
8862 1
8863 2
8864 0
8865 13
8866 0
8867 1
8868 0
8869 7
8870 0
8871 3
8872 1
8873 5
8874 1
8875 2
8876 2
8877 3
8878 1
8879 1
8880 0
8881 9
8882 0
8883 3
8884 0
8885 13
8886 0
8887 2
8888 2
8889 9
8890 1
8891 1
8892 1
8893 2
8894 2
8895 3
8896 0
8897 14
8898 0
8899 2
8900 0
8901 11
8902 0
8903 1
8904 1
8905 13
8906 2
8907 3
8908 1
8909 11
8910 1
8911 2
8912 0
8913 20
8914 0
8915 1
8916 0
8917 8
8918 0
8919 3
8920 1
8921 4
8922 1
8923 2
8924 2
8925 19
8926 1
8927 1
8928 0
8929 7
8930 0
8931 3
8932 0
8933 4
8934 0
8935 2
8936 2
8937 17
8938 1
8939 1
8940 1
8941 8
8942 2
8943 3
8944 0
8945 13
8946 0
8947 2
8948 0
8949 18
8950 0
8951 1
8952 1
8953 6
8954 2
8955 3
8956 1
8957 3
8958 1
8959 2
8960 0
8961 8
8962 0
8963 1
8964 0
8965 9
8966 0
8967 3
8968 1
8969 18
8970 1
8971 2
8972 2
8973 20
8974 1
8975 1
8976 0
8977 7
8978 0
8979 3
8980 0
8981 18
8982 0
8983 2
8984 2
8985 6
8986 1
8987 1
8988 1
8989 5
8990 2
8991 3
8992 0
8993 9
8994 0
8995 2
8996 0
8997 15
8998 0
8999 1
9000 1
9001 19
9002 2
9003 3
9004 1
9005 7
9006 1
9007 2
9008 0
9009 18
9010 0
9011 1
9012 0
9013 9
9014 0
9015 3
9016 1
9017 21
9018 1
9019 2
9020 2
9021 5
9022 1
9023 1
9024 0
9025 3
9026 0
9027 3
9028 0
9029 14
9030 0
9031 2
9032 2
9033 6
9034 1
9035 1
9036 1
9037 14
9038 2
9039 3
9040 0
9041 10
9042 0
9043 2
9044 0
9045 12
9046 0
9047 1
9048 1
9049 8
9050 2
9051 3
9052 1
9053 9
9054 1
9055 2
9056 0
9057 18
9058 0
9059 1
9060 0
9061 11
9062 0
9063 3
9064 1
9065 12
9066 1
9067 2
9068 2
9069 20
9070 1
9071 1
9072 0
9073 21
9074 0
9075 3
9076 0
9077 3
9078 0
9079 2
9080 2
9081 5
9082 1
9083 1
9084 1
9085 10
9086 2
9087 3
9088 0
9089 20
9090 0
9091 2
9092 0
9093 23
9094 0
9095 1
9096 1
9097 2
9098 2
9099 3
9100 1
9101 15
9102 1
9103 2
9104 0
9105 6
9106 0
9107 1
9108 0
9109 13
9110 0
9111 3
9112 1
9113 16
9114 1
9115 2
9116 2
9117 8
9118 1
9119 1
9120 0
9121 20
9122 0
9123 3
9124 0
9125 21
9126 0
9127 2
9128 2
9129 3
9130 1
9131 1
9132 1
9133 9
9134 2
9135 3
9136 0
9137 7
9138 0
9139 2
9140 0
9141 18
9142 0
9143 1
9144 1
9145 6
9146 2
9147 3
9148 1
9149 14
9150 1
9151 2
9152 0
9153 6
9154 0
9155 1
9156 0
9157 2
9158 0
9159 3
9160 1
9161 15
9162 1
9163 2
9164 2
9165 10
9166 1
9167 1
9168 0
9169 2
9170 0
9171 3
9172 0
9173 6
9174 0
9175 2
9176 2
9177 9
9178 1
9179 1
9180 1
9181 11
9182 2
9183 3
9184 0
9185 17
9186 0
9187 2
9188 0
9189 5
9190 0
9191 1
9192 1
9193 12
9194 2
9195 3
9196 1
9197 13
9198 1
9199 2
9200 0
9201 4
9202 0
9203 1
9204 0
9205 13
9206 0
9207 3
9208 1
9209 10
9210 1
9211 2
9212 2
9213 18
9214 1
9215 1
9216 0
9217 22
9218 0
9219 3
9220 0
9221 11
9222 0
9223 2
9224 2
9225 12
9226 1
9227 1
9228 1
9229 8
9230 2
9231 3
9232 0
9233 17
9234 0
9235 2
9236 0
9237 21
9238 0
9239 1
9240 1
9241 17
9242 2
9243 3
9244 1
9245 16
9246 1
9247 2
9248 0
9249 3
9250 0
9251 1
9252 0
9253 9
9254 0
9255 3
9256 1
9257 3
9258 1
9259 2
9260 2
9261 4
9262 1
9263 1
9264 0
9265 2
9266 0
9267 3
9268 0
9269 11
9270 0
9271 2
9272 2
9273 13
9274 1
9275 1
9276 1
9277 11
9278 2
9279 3
9280 0
9281 19
9282 0
9283 2
9284 0
9285 7
9286 0
9287 1
9288 1
9289 18
9290 2
9291 3
9292 1
9293 6
9294 1
9295 2
9296 0
9297 18
9298 0
9299 1
9300 0
9301 16
9302 0
9303 3
9304 1
9305 12
9306 1
9307 2
9308 2
9309 18
9310 1
9311 1
9312 0
9313 6
9314 0
9315 3
9316 0
9317 21
9318 0
9319 2
9320 2
9321 5
9322 1
9323 1
9324 1
9325 6
9326 2
9327 3
9328 0
9329 3
9330 0
9331 2
9332 0
9333 6
9334 0
9335 1
9336 1
9337 10
9338 2
9339 3
9340 1
9341 3
9342 1
9343 2
9344 0
9345 10
9346 0
9347 1
9348 0
9349 5
9350 0
9351 3
9352 1
9353 15
9354 1
9355 2
9356 2
9357 17
9358 1
9359 1
9360 0
9361 5
9362 0
9363 3
9364 0
9365 7
9366 0
9367 2
9368 2
9369 8
9370 1
9371 1
9372 1
9373 5
9374 2
9375 3
9376 0
9377 22
9378 0
9379 2
9380 0
9381 3
9382 0
9383 1
9384 1
9385 4
9386 2
9387 3
9388 1
9389 10
9390 1
9391 2
9392 0
9393 21
9394 0
9395 1
9396 0
9397 2
9398 0
9399 3
9400 1
9401 21
9402 1
9403 2
9404 2
9405 16
9406 1
9407 1
9408 0
9409 15
9410 0
9411 3
9412 0
9413 13
9414 0
9415 2
9416 2
9417 18
9418 1
9419 1
9420 1
9421 14
9422 2
9423 3
9424 0
9425 9
9426 0
9427 2
9428 0
9429 15
9430 0
9431 1
9432 1
9433 4
9434 2
9435 3
9436 1
9437 3
9438 1
9439 2
9440 0
9441 11
9442 0
9443 1
9444 0
9445 9
9446 0
9447 3
9448 1
9449 17
9450 1
9451 2
9452 2
9453 20
9454 1
9455 1
9456 0
9457 2
9458 0
9459 3
9460 0
9461 15
9462 0
9463 2
9464 2
9465 14
9466 1
9467 1
9468 1
9469 7
9470 2
9471 3
9472 0
9473 6
9474 0
9475 2
9476 0
9477 16
9478 0
9479 1
9480 1
9481 11
9482 2
9483 3
9484 1
9485 6
9486 1
9487 2
9488 0
9489 19
9490 0
9491 1
9492 0
9493 6
9494 0
9495 3
9496 1
9497 7
9498 1
9499 2
9500 2
9501 11
9502 1
9503 1
9504 0
9505 13
9506 0
9507 3
9508 0
9509 10
9510 0
9511 2
9512 2
9513 11
9514 1
9515 1
9516 1
9517 2
9518 2
9519 3
9520 0
9521 15
9522 0
9523 2
9524 0
9525 12
9526 0
9527 1
9528 1
9529 2
9530 2
9531 3
9532 1
9533 17
9534 1
9535 2
9536 0
9537 14
9538 0
9539 1
9540 0
9541 17
9542 0
9543 3
9544 1
9545 4
9546 1
9547 2
9548 2
9549 8
9550 1
9551 1
9552 0
9553 16
9554 0
9555 3
9556 0
9557 8
9558 0
9559 2
9560 2
9561 10
9562 1
9563 1
9564 1
9565 4
9566 2
9567 3
9568 0
9569 8
9570 0
9571 2
9572 0
9573 4
9574 0
9575 1
9576 1
9577 2
9578 2
9579 3
9580 1
9581 9
9582 1
9583 2
9584 0
9585 7
9586 0
9587 1
9588 0
9589 3
9590 0
9591 3
9592 1
9593 14
9594 1
9595 2
9596 2
9597 6
9598 1
9599 1
9600 0
9601 5
9602 0
9603 3
9604 0
9605 6
9606 0
9607 2
9608 2
9609 17
9610 1
9611 1
9612 1
9613 4
9614 2
9615 3
9616 0
9617 3
9618 0
9619 2
9620 0
9621 20
9622 0
9623 1
9624 1
9625 19
9626 2
9627 3
9628 1
9629 15
9630 1
9631 2
9632 0
9633 13
9634 0
9635 1
9636 0
9637 18
9638 0
9639 3
9640 1
9641 14
9642 1
9643 2
9644 2
9645 6
9646 1
9647 1
9648 0
9649 17
9650 0
9651 3
9652 0
9653 4
9654 0
9655 2
9656 2
9657 12
9658 1
9659 1
9660 1
9661 13
9662 2
9663 3
9664 0
9665 19
9666 0
9667 2
9668 0
9669 7
9670 0
9671 1
9672 1
9673 6
9674 2
9675 3
9676 1
9677 18
9678 1
9679 2
9680 0
9681 20
9682 0
9683 1
9684 0
9685 2
9686 0
9687 3
9688 1
9689 5
9690 1
9691 2
9692 2
9693 4
9694 1
9695 1
9696 0
9697 2
9698 0
9699 3
9700 0
9701 12
9702 0
9703 2
9704 2
9705 19
9706 1
9707 1
9708 1
9709 7
9710 2
9711 3
9712 0
9713 9
9714 0
9715 2
9716 0
9717 7
9718 0
9719 1
9720 1
9721 8
9722 2
9723 3
9724 1
9725 3
9726 1
9727 2
9728 0
9729 18
9730 0
9731 1
9732 0
9733 19
9734 0
9735 3
9736 1
9737 21
9738 1
9739 2
9740 2
9741 11
9742 1
9743 1
9744 0
9745 13
9746 0
9747 3
9748 0
9749 20
9750 0
9751 2
9752 2
9753 19
9754 1
9755 1
9756 1
9757 2
9758 2
9759 3
9760 0
9761 15
9762 0
9763 2
9764 0
9765 22
9766 0
9767 1
9768 1
9769 13
9770 2
9771 3
9772 1
9773 8
9774 1
9775 2
9776 0
9777 17
9778 0
9779 1
9780 0
9781 11
9782 0
9783 3
9784 1
9785 18
9786 1
9787 2
9788 2
9789 11
9790 1
9791 1
9792 0
9793 10
9794 0
9795 3
9796 0
9797 7
9798 0
9799 2
9800 2
9801 5
9802 1
9803 1
9804 1
9805 12
9806 2
9807 3
9808 0
9809 14
9810 0
9811 2
9812 0
9813 6
9814 0
9815 1
9816 1
9817 2
9818 2
9819 3
9820 1
9821 9
9822 1
9823 2
9824 0
9825 4
9826 0
9827 1
9828 0
9829 11
9830 0
9831 3
9832 1
9833 6
9834 1
9835 2
9836 2
9837 18
9838 1
9839 1
9840 0
9841 15
9842 0
9843 3
9844 0
9845 8
9846 0
9847 2
9848 2
9849 3
9850 1
9851 1
9852 1
9853 16
9854 2
9855 3
9856 0
9857 7
9858 0
9859 2
9860 0
9861 16
9862 0
9863 1
9864 1
9865 2
9866 2
9867 3
9868 1
9869 11
9870 1
9871 2
9872 0
9873 9
9874 0
9875 1
9876 0
9877 2
9878 0
9879 3
9880 1
9881 9
9882 1
9883 2
9884 2
9885 4
9886 1
9887 1
9888 0
9889 2
9890 0
9891 3
9892 0
9893 14
9894 0
9895 2
9896 2
9897 3
9898 1
9899 1
9900 1
9901 15
9902 2
9903 3
9904 0
9905 16
9906 0
9907 2
9908 0
9909 15
9910 0
9911 1
9912 1
9913 5
9914 2
9915 3
9916 1
9917 18
9918 1
9919 2
9920 0
9921 22
9922 0
9923 1
9924 0
9925 9
9926 0
9927 3
9928 1
9929 4
9930 1
9931 2
9932 2
9933 10
9934 1
9935 1
9936 0
9937 2
9938 0
9939 3
9940 0
9941 19
9942 0
9943 2
9944 2
9945 6
9946 1
9947 1
9948 1
9949 2
9950 2
9951 3
9952 0
9953 12
9954 0
9955 2
9956 0
9957 16
9958 0
9959 1
9960 1
9961 15
9962 2
9963 3
9964 1
9965 6
9966 1
9967 2
9968 0
9969 15
9970 0
9971 1
9972 0
9973 6
9974 0
9975 3
9976 1
9977 10
9978 1
9979 2
9980 2
9981 14
9982 1
9983 1
9984 0
9985 19
9986 0
9987 3
9988 0
9989 16
9990 0
9991 2
9992 2
9993 6
9994 1
9995 1
9996 1
9997 17
9998 2
9999 3
10000 0
